1567435584 0 0 0 0 0 0 0 0 0 0 0 0 0 0 0 0 1 0 0 0
1568814087 0 0 0 0 1 0 0 0 0 0 0 0 0 0 0 0 1 0 0 0
1568827939 0 0 0 0 1 0 0 0 0 0 0 0 1 0 0 0 1 0 0 0
1568908147 0 0 0 0 1 0 0 0 0 0 0 0 2 0 0 0 1 0 0 0
1568990409 0 0 0 0 2 0 0 0 0 0 0 0 2 0 0 0 1 0 0 0
1568991318 0 0 0 0 3 0 0 0 0 0 0 0 2 0 0 0 1 0 0 0
1568991501 0 0 0 0 4 0 0 0 0 0 0 0 2 0 0 0 1 0 0 0
1569235458 0 0 0 0 5 0 0 0 0 0 0 0 2 0 0 0 1 0 0 0
1569242794 0 0 0 0 6 0 0 0 0 0 0 0 3 0 0 0 1 0 0 0
1569314769 0 0 0 0 7 0 0 0 0 0 0 0 3 0 0 0 1 0 0 0
1569339578 0 0 0 0 7 0 0 0 0 0 0 0 4 0 0 0 1 0 0 0
1569442267 0 0 0 0 9 0 0 0 0 0 0 0 4 0 0 0 1 0 0 0
1569514305 0 0 0 0 10 0 0 0 0 0 0 0 4 0 0 0 1 0 0 0
1569590476 0 0 0 0 10 0 0 0 0 0 0 0 5 0 0 0 1 0 0 0
1570100933 0 0 0 0 10 0 0 0 0 0 0 0 5 0 0 0 1 0 0 1
1570101011 0 0 0 0 10 0 0 0 0 0 0 0 5 0 0 0 1 0 0 2
1570193887 1 0 0 0 10 0 0 0 0 0 0 0 5 0 0 0 1 0 0 2
1570618010 1 0 0 0 10 0 0 0 0 0 0 0 5 0 0 0 1 0 0 3
1570623964 2 0 0 0 10 0 0 0 0 0 0 0 6 0 0 0 1 0 0 3
1570702810 3 0 0 0 10 0 0 0 0 0 0 0 6 0 0 0 1 0 0 3
1570707099 4 0 0 0 10 0 0 0 0 0 0 0 6 0 0 0 1 0 0 3
1570711472 4 0 0 0 11 0 0 0 0 0 0 0 6 0 0 0 1 0 0 3
1570712550 5 0 0 0 11 0 0 0 0 0 0 0 6 0 0 0 1 0 0 3
1570712606 6 0 0 0 11 0 0 0 0 0 0 0 6 0 0 0 1 0 0 3
1570717357 7 0 0 0 11 0 0 0 0 0 0 0 6 0 0 0 1 0 0 3
1570724919 9 0 0 0 11 0 0 0 0 0 0 0 6 0 0 0 1 0 0 3
1570802864 11 0 0 0 11 0 0 0 0 0 0 0 6 0 0 0 1 0 0 3
1570809087 12 0 0 0 11 0 0 0 0 0 0 0 6 0 0 0 1 0 0 3
1571068229 13 0 0 0 11 0 0 0 0 0 0 0 6 0 0 0 1 0 0 3
1571073442 13 0 0 0 11 0 0 0 0 0 0 0 7 0 0 0 1 0 0 3
1571139869 14 0 0 0 11 0 0 0 0 0 0 0 7 0 0 0 1 0 0 3
1571146850 15 0 0 0 11 0 0 0 0 0 0 0 8 0 0 0 1 0 0 3
1571157191 16 0 0 0 11 0 0 0 0 0 0 0 8 0 0 0 1 0 0 3
1571222773 17 0 0 0 11 0 0 0 0 0 0 0 8 0 0 0 1 0 0 3
1571223605 18 0 0 0 11 0 0 0 0 0 0 0 8 0 0 0 1 0 0 3
1571226375 18 0 0 0 12 0 0 0 0 0 0 0 8 0 0 0 1 0 0 3
1571226771 19 0 0 0 12 0 0 0 0 0 0 0 8 0 0 0 1 0 0 3
1571227482 20 0 0 0 12 0 0 0 0 0 0 0 8 0 0 0 1 0 0 3
1571227961 21 0 0 0 12 0 0 0 0 0 0 0 8 0 0 0 1 0 0 3
1571228557 22 0 0 0 12 0 0 0 0 0 0 0 8 0 0 0 1 0 0 3
1571228593 23 0 0 0 12 0 0 0 0 0 0 0 8 0 0 0 1 0 0 3
1571228677 24 0 0 0 12 0 0 0 0 0 0 0 8 0 0 0 1 0 0 3
1571332099 25 0 0 0 12 0 0 0 0 0 0 0 8 0 0 0 1 0 0 3
1571332397 27 0 0 0 12 0 0 0 0 0 0 0 8 0 0 0 1 0 0 3
1571410450 28 0 0 0 12 0 0 0 0 0 0 0 8 0 0 0 1 0 0 3
1571444681 29 0 0 0 12 0 0 0 0 0 0 0 8 0 0 0 1 0 0 3
1571686066 29 0 0 0 12 0 0 0 0 0 0 0 9 0 0 0 1 0 0 3
1571694347 30 0 0 0 12 0 0 0 0 0 0 0 9 0 0 0 1 0 0 3
1571702349 30 0 0 0 12 0 0 0 0 0 0 0 10 0 0 0 1 0 0 3
1571763639 30 0 0 0 12 0 0 0 0 0 0 0 11 0 0 0 1 0 0 3
1571768418 31 0 0 0 12 0 0 0 0 0 0 0 11 0 0 0 1 0 0 3
1571768512 31 0 0 0 12 0 0 0 0 0 0 0 12 0 0 0 1 0 0 3
1571788091 32 0 0 0 12 0 0 0 0 0 0 0 12 0 0 0 1 0 0 3
1571795583 33 0 0 0 12 0 0 0 0 0 0 0 12 0 0 0 1 0 0 3
1571850249 33 0 0 0 12 0 0 0 0 0 0 1 12 0 0 0 1 0 0 3
1571852680 33 0 0 0 12 0 0 0 0 0 0 2 12 0 0 0 1 0 0 3
1571860747 33 0 0 0 12 0 0 0 0 0 0 3 12 0 0 0 1 0 0 3
1571868617 33 0 0 0 12 0 0 0 0 0 0 3 12 0 0 0 1 0 0 3
1571878849 34 0 0 0 12 0 0 0 0 0 0 3 12 0 0 0 1 0 0 3
1571880094 35 0 0 0 12 0 0 0 0 0 0 3 12 0 0 0 1 0 0 3
1571880266 36 0 0 0 12 0 0 0 0 0 0 3 12 0 0 0 1 0 0 3
1571927194 37 0 0 0 12 0 0 0 0 0 0 3 12 0 0 0 1 0 0 3
1571932324 38 0 0 0 12 0 0 0 0 0 0 3 12 0 0 0 1 0 0 3
1572050417 38 0 0 0 12 0 0 0 0 0 0 3 12 0 0 0 1 0 0 3
1572565840 38 0 0 0 12 0 0 0 0 0 0 3 12 0 0 0 1 0 0 3
1573103861 39 0 0 0 12 0 0 0 0 0 0 4 12 0 0 0 1 0 0 3
1573123208 40 0 0 0 12 0 0 0 0 0 0 4 12 0 0 0 1 0 0 3
1573207431 41 0 0 0 12 0 0 0 0 0 0 4 12 0 0 0 1 0 0 3
1573214715 42 0 0 0 12 0 0 0 0 0 0 4 12 0 0 0 1 0 0 3
1573815449 43 0 0 0 12 0 0 0 0 0 0 4 12 0 0 0 1 0 0 3
1573833043 44 0 0 0 12 0 0 0 0 0 0 4 12 0 0 0 1 0 0 3
1574681674 44 0 0 0 12 1 0 0 0 0 0 4 12 0 0 0 1 0 0 3
1574692054 45 0 0 0 12 1 0 0 0 0 0 4 12 0 0 0 1 0 0 3
1574706657 45 0 0 0 12 2 0 0 0 0 0 4 12 0 0 0 1 0 0 3
1574706803 45 0 0 0 12 3 0 0 0 0 0 4 12 0 0 0 1 0 0 3
1574769588 45 0 0 0 12 4 0 0 0 0 0 4 12 0 0 0 1 0 0 3
1574770466 45 0 0 0 12 5 0 0 0 0 0 4 12 0 0 0 1 0 0 3
1574782829 45 0 0 0 12 6 0 0 0 0 0 4 12 0 0 0 1 0 0 3
1574783602 45 0 0 0 12 7 0 0 0 0 0 4 12 0 0 0 1 0 0 3
1574785269 45 0 0 0 12 8 0 0 0 0 0 4 12 0 0 0 1 0 0 3
1574786166 45 0 0 0 12 9 0 0 0 0 0 4 12 0 0 0 1 0 0 3
1574786313 45 0 0 0 12 10 0 0 0 0 0 4 12 0 0 0 1 0 0 3
1574848820 45 0 0 0 12 11 0 0 0 0 0 4 12 0 0 0 1 0 0 3
1574849035 45 1 0 0 12 11 0 0 0 0 0 4 12 0 0 0 1 0 0 3
1574883500 45 1 0 0 12 12 0 0 0 0 0 4 12 0 0 0 1 0 0 3
1575474200 45 1 0 0 12 13 0 0 0 0 0 4 12 0 0 0 1 0 0 3
1575481600 45 1 0 0 12 14 0 0 0 0 0 4 12 0 0 0 1 0 0 3
1575482557 45 1 0 0 12 15 0 0 0 0 0 4 12 0 0 0 1 0 0 3
1575804357 45 1 0 0 12 15 1 0 0 0 0 4 12 0 0 0 1 0 0 3
1576239679 45 1 0 0 12 16 1 0 0 0 0 4 12 0 0 0 1 0 0 3
1576239716 45 1 0 0 12 17 1 0 0 0 0 4 12 0 0 0 1 0 0 3
1576239935 45 1 0 0 12 18 1 0 0 0 0 4 12 0 0 0 1 0 0 3
1576253813 45 1 0 0 12 19 1 0 0 0 0 4 12 0 0 0 1 0 0 3
1576504034 45 1 0 0 12 19 9 0 0 0 0 4 12 0 0 0 1 0 0 3
1576508326 45 1 0 0 12 19 10 0 0 0 0 4 12 0 0 0 1 0 0 3
1576515838 45 1 0 0 12 19 11 0 0 0 0 4 12 0 0 0 1 0 0 3
1576531921 45 1 0 0 12 20 12 0 0 0 0 4 12 0 0 0 1 0 0 3
1576599983 45 1 0 0 12 21 12 0 0 0 0 4 12 0 0 0 1 0 0 3
1576601374 45 1 0 0 12 22 12 0 0 0 0 4 12 0 0 0 1 0 0 3
1576601454 45 1 0 0 12 23 12 0 0 0 0 4 12 0 0 0 1 0 0 3
1576615319 45 2 0 0 12 23 12 0 0 0 0 4 12 0 0 0 1 0 0 3
1576615478 45 3 0 0 12 23 12 0 0 0 0 4 12 0 0 0 1 0 0 3
1576665157 45 3 0 0 12 24 12 0 0 0 0 4 12 0 0 0 1 0 0 3
1576665281 45 3 0 0 12 25 12 0 0 0 0 4 12 0 0 0 1 0 0 3
1578421415 45 3 0 0 12 25 13 0 0 0 0 4 12 0 0 0 1 0 0 3
1578481385 45 3 0 0 12 25 14 0 0 0 0 4 12 0 0 0 1 0 0 3
1578933398 45 3 0 0 12 25 14 0 0 0 0 4 12 1 0 0 1 0 0 3
1579879102 45 3 0 0 12 26 14 0 0 0 0 4 12 1 0 0 1 0 0 3
1579880742 45 3 0 0 12 27 14 0 0 0 0 4 12 1 0 0 1 0 0 3
1579881178 45 3 0 0 12 28 14 0 0 0 0 4 12 1 0 0 1 0 0 3
1580154032 45 3 0 0 12 29 14 0 0 0 0 4 12 1 0 0 1 0 0 3
1580212181 45 3 0 0 12 30 14 0 0 0 0 4 12 1 0 0 1 0 0 3
1582638638 45 3 0 0 12 31 14 0 0 0 0 4 12 1 0 0 1 0 0 3
1582831537 45 3 0 0 12 31 15 0 0 0 0 4 12 1 0 0 1 0 0 3
1582883453 45 3 0 0 12 31 16 0 1 0 0 4 12 1 0 0 1 0 0 3
1583189798 45 3 0 0 12 31 16 0 2 0 0 4 12 1 0 0 1 0 0 3
1583193391 45 3 0 0 12 31 16 0 3 0 0 4 12 1 0 0 1 0 0 3
1583195758 45 3 0 0 12 31 16 0 4 0 0 4 12 1 0 0 1 0 0 3
1583195809 45 3 0 0 12 31 16 0 5 0 0 4 12 1 0 0 1 0 0 3
1583281946 45 3 0 0 12 31 16 0 6 0 0 4 12 1 0 0 1 0 0 3
1583355740 45 3 0 0 12 31 16 0 7 0 0 4 12 1 0 0 1 0 0 3
1583438335 45 3 0 0 12 31 16 0 9 0 0 4 12 1 0 0 1 0 0 3
1583443931 45 3 0 0 12 31 16 0 10 0 0 4 12 1 0 0 1 0 0 3
1583453189 45 3 0 0 12 31 16 0 19 0 0 4 12 1 0 0 1 0 0 3
1583521818 45 3 0 0 12 31 16 0 20 0 0 4 12 1 0 0 1 0 0 3
1583528993 45 3 0 0 12 31 16 0 21 0 0 4 12 1 0 0 1 0 0 3
1583529488 45 3 0 0 12 31 16 0 22 0 0 4 12 1 0 0 1 0 0 3
1583531239 45 3 0 0 12 31 16 0 23 0 0 4 12 1 0 0 1 0 0 3
1583774850 45 3 0 0 12 31 16 0 24 0 0 4 12 1 0 0 1 0 0 3
1583775584 45 3 0 0 12 31 16 0 25 0 0 4 12 1 0 0 1 0 0 3
1583870311 45 3 0 0 12 31 16 0 26 0 0 4 12 1 0 0 1 0 0 3
1583949504 45 3 0 0 12 31 16 0 27 0 0 4 12 1 0 0 1 0 0 3
1583949620 45 3 0 0 12 31 16 0 28 0 0 4 12 1 0 0 1 0 0 3
1584034316 45 3 0 0 12 32 16 0 28 0 0 4 12 1 0 0 1 0 0 3
1584034381 45 3 0 0 12 33 16 0 28 0 0 4 12 1 0 0 1 0 0 3
1584986368 45 3 0 0 12 33 16 0 28 0 0 4 12 1 0 0 1 0 0 3
1585220978 45 3 0 0 12 33 16 0 29 0 0 4 12 7 0 0 1 0 0 3
1585355777 45 3 0 0 12 33 16 0 29 0 0 4 12 7 0 0 1 0 1 3
1585899525 45 3 0 0 12 33 16 0 30 0 0 4 12 7 0 0 1 0 1 3
1585901553 45 3 0 0 12 33 17 0 30 0 0 4 12 7 0 0 1 0 2 3
1587039477 45 3 0 0 12 33 17 1 30 0 0 4 12 7 0 0 1 0 2 3
1587045360 46 3 0 0 12 33 17 1 30 0 0 4 12 7 0 0 1 0 2 3
1587047316 46 3 0 0 12 33 17 1 30 0 0 4 12 7 0 0 1 0 3 3
1587108900 46 3 0 0 12 33 19 1 30 0 0 4 12 7 0 0 1 0 3 3
1587462183 46 3 0 0 12 33 22 1 30 0 0 4 12 7 0 0 1 0 3 3
1587468402 46 3 0 0 12 33 23 1 30 0 0 4 12 7 0 0 1 0 3 3
1587468886 46 3 0 0 12 33 24 1 30 0 0 4 12 7 0 0 1 0 3 3
1587479953 46 3 0 0 12 33 25 1 30 0 0 4 12 7 0 0 1 0 3 3
1587482591 46 3 0 0 12 33 26 1 30 0 0 4 12 7 0 0 1 0 3 3
1587492358 46 3 0 0 12 33 27 1 30 0 0 4 12 7 0 0 1 0 3 3
1587562603 46 3 0 0 12 33 28 1 30 0 0 4 12 7 0 0 1 0 3 3
1587570477 46 3 0 0 12 33 29 1 30 0 0 4 12 7 0 0 1 0 3 3
1588237974 46 3 0 0 13 33 29 1 30 0 0 4 12 7 0 0 1 0 3 3
1588239010 46 3 0 0 14 33 29 1 30 0 0 4 12 7 0 0 1 0 3 3
1588250486 46 3 0 0 16 33 29 1 30 0 0 4 12 7 0 0 1 0 3 3
1589808055 47 3 0 0 16 33 29 1 30 0 0 4 12 7 0 0 1 0 3 3
1589810834 48 3 0 0 16 33 29 1 30 0 0 4 12 7 0 0 1 0 3 3
1589812684 49 3 0 0 16 33 29 1 30 0 0 4 12 7 0 0 1 0 3 3
1589817562 50 3 0 0 16 33 29 1 30 0 0 4 12 7 0 0 1 0 3 3
1589819356 53 3 0 0 16 33 29 1 30 0 0 4 12 7 0 0 1 0 3 3
1589819421 54 3 0 0 16 33 29 1 30 0 0 4 12 7 0 0 1 0 3 3
1589836854 55 3 0 0 16 33 29 1 30 0 0 4 12 7 0 0 1 0 3 3
1589886876 56 3 0 0 16 33 29 1 30 0 0 4 12 7 0 0 1 0 3 3
1589891623 62 3 0 0 16 33 29 1 30 0 0 4 12 7 0 0 1 0 3 3
1589892756 63 3 0 0 16 33 29 1 30 0 0 4 12 7 0 0 1 0 3 3
1589893852 64 3 0 0 16 33 29 1 30 0 0 4 12 7 0 0 1 0 3 3
1589894959 65 3 0 0 16 33 29 1 30 0 0 4 12 7 0 0 1 0 3 3
1589898260 66 3 0 0 16 34 29 1 30 0 0 4 12 7 0 0 1 0 3 3
1590079902 66 3 0 0 17 34 29 1 30 0 0 4 12 7 0 0 1 0 3 3
1590604305 66 3 0 0 18 34 29 1 30 0 0 4 12 7 0 0 1 0 3 3
1591106341 66 3 0 0 19 34 29 1 30 0 0 4 12 7 0 0 1 0 3 3
1591106876 66 3 0 0 21 34 29 1 30 0 0 4 12 7 0 0 1 0 3 3
1591289865 66 4 0 0 22 35 29 1 30 0 0 4 12 7 0 0 1 0 3 3
1591367983 66 4 0 0 23 36 29 1 30 0 0 4 12 7 0 0 1 0 3 3
1591375166 66 5 0 0 23 37 29 1 30 0 0 4 12 7 0 0 1 0 3 3
1591698652 67 5 0 0 24 37 29 1 30 0 0 4 12 7 0 0 1 0 3 3
1591721779 67 6 0 0 24 37 29 1 30 0 0 4 12 7 0 0 1 0 3 3
1591780620 67 6 0 0 25 38 29 1 30 0 0 4 12 7 0 0 1 0 3 3
1591784064 67 7 0 0 26 38 29 1 30 0 0 4 12 7 0 0 1 0 3 3
1591791609 67 7 0 0 27 38 29 1 30 0 0 4 12 7 0 0 1 0 3 3
1591809880 67 7 0 0 27 38 29 1 31 0 0 4 12 7 0 0 1 0 3 3
1591809982 68 7 0 0 27 38 29 1 31 0 0 4 12 7 0 0 1 0 3 3
1591810003 69 7 0 0 27 38 29 1 31 0 0 4 12 7 0 0 1 0 3 3
1591820764 69 7 0 0 27 38 29 1 32 0 0 4 12 7 0 0 1 0 3 3
1591831652 69 7 0 0 27 40 29 1 33 0 0 4 12 7 0 0 1 0 3 3
1591867539 69 8 0 0 27 40 29 1 33 0 0 4 12 7 0 0 1 0 3 3
1591869363 69 9 0 0 27 40 29 1 33 0 0 4 12 7 0 0 1 0 3 3
1591971081 70 9 0 0 27 40 30 1 33 0 0 4 12 7 0 0 1 0 3 3
1592325787 71 9 0 0 27 40 30 1 33 0 0 4 12 7 0 0 1 0 3 3
1592381660 72 9 0 0 27 41 30 1 33 0 0 4 12 7 0 0 1 0 3 3
1592392588 72 10 0 0 27 42 30 1 33 0 0 4 12 7 0 0 1 0 3 3
1592392921 73 11 0 0 27 42 30 1 33 0 0 4 12 7 0 0 1 0 3 3
1592487057 74 11 0 0 27 42 30 1 33 0 0 4 12 7 0 0 1 0 3 3
1592563286 75 11 0 0 27 42 30 1 33 0 0 4 12 7 0 0 1 0 3 3
1592567779 76 11 0 0 27 42 30 1 33 0 0 4 12 7 0 0 1 0 3 3
1592571574 77 11 0 0 27 42 30 1 33 0 0 4 12 7 0 0 1 0 3 3
1592579377 78 11 0 0 27 42 30 1 34 0 0 4 12 7 0 0 1 0 3 3
1592836961 78 11 0 0 28 42 31 1 34 0 0 4 12 7 0 0 1 0 3 3
1592916686 78 11 0 0 29 42 31 1 34 0 0 4 12 7 0 0 1 0 3 3
1592994218 79 11 0 0 30 43 31 1 34 0 0 4 12 7 0 0 1 0 3 3
1593015684 79 11 0 0 31 43 31 1 34 0 0 4 12 7 0 0 1 0 3 3
1593029561 80 11 0 0 31 43 31 1 34 0 0 4 12 7 0 0 1 0 3 3
1593075229 81 11 0 0 31 43 31 1 34 0 0 4 12 7 0 0 1 0 3 3
1593075776 82 11 0 0 31 43 31 1 34 0 0 4 12 7 0 0 1 0 3 3
1593100845 82 12 0 0 31 43 31 1 34 0 0 4 12 7 0 0 1 0 3 3
1593537333 82 12 0 0 31 43 31 2 34 0 0 4 12 7 0 0 1 0 3 3
1593695568 83 12 0 0 31 43 31 3 34 0 0 4 12 7 0 0 1 0 3 3
1593701497 84 12 0 0 31 43 31 4 34 0 0 4 12 7 0 0 1 0 3 3
1593702315 85 12 0 0 31 43 31 4 34 0 0 4 12 7 0 0 1 0 3 3
1593704644 86 12 0 0 31 43 31 4 34 0 0 4 12 7 0 0 1 0 3 3
1593765322 87 12 0 0 31 43 31 4 34 0 0 4 12 7 0 0 1 0 3 3
1593769790 88 12 0 0 31 43 31 5 34 0 0 4 12 7 0 0 1 0 3 3
1594198298 88 12 0 0 31 43 31 6 34 0 0 4 12 7 0 0 1 0 3 3
1594218948 88 12 0 0 31 44 31 7 34 0 0 4 12 7 0 0 1 0 3 3
1594306779 88 13 0 0 31 44 31 7 34 0 0 4 12 7 0 0 1 0 3 3
1594313131 88 13 0 0 31 44 31 8 34 0 0 4 12 7 0 0 1 0 3 3
1594656607 88 13 0 0 31 45 31 9 34 0 0 4 12 7 0 0 1 0 3 3
1594820739 88 13 0 0 31 46 31 10 34 0 0 4 12 7 0 0 1 0 3 3
1594897108 89 14 0 0 31 46 31 12 34 0 0 4 12 7 0 0 1 0 3 3
1594905277 89 14 0 0 31 46 31 13 34 0 0 4 12 7 0 0 1 0 3 3
1594905288 89 14 0 0 31 46 31 16 34 0 0 4 12 7 0 0 1 0 3 3
1594913254 90 14 0 0 31 46 31 16 34 0 0 4 12 7 0 0 1 0 3 3
1594915375 91 14 0 0 31 46 31 17 34 0 0 4 12 7 0 0 1 0 3 3
1594971452 91 14 0 0 31 46 31 18 34 0 0 4 12 7 0 0 1 0 3 3
1594973525 91 14 0 0 31 46 31 19 34 0 0 4 12 7 0 0 1 0 3 3
1595251380 92 14 0 0 31 47 31 19 34 0 0 4 12 7 0 0 1 0 3 3
1595260782 92 15 0 0 32 48 32 19 34 0 0 4 12 7 0 0 1 0 3 3
1595490040 92 15 0 0 32 48 33 19 34 0 0 4 12 7 0 0 1 0 3 3
1595491215 92 15 0 0 32 49 34 19 34 0 0 4 12 7 0 0 1 0 3 3
1595507429 92 15 0 0 32 49 35 19 34 0 0 4 12 7 0 0 1 0 3 3
1595510738 92 15 0 0 33 49 35 19 34 0 0 4 12 7 0 0 1 0 3 3
1595520139 92 16 0 0 33 49 35 19 34 0 0 4 12 7 0 0 1 0 3 3
1595520711 92 17 0 0 33 49 35 19 34 0 0 4 12 7 0 0 1 0 3 3
1595521754 92 17 0 0 33 49 36 19 34 0 0 4 12 7 0 0 1 0 3 3
1595606047 93 17 0 0 33 49 36 19 34 0 0 4 12 7 0 0 1 0 3 3
1595860829 94 17 0 0 33 50 36 19 34 0 0 4 12 7 0 0 1 0 3 3
1595861906 95 17 0 0 33 50 36 19 34 0 0 4 12 7 0 0 1 0 3 3
1595935036 95 17 0 0 34 50 36 19 34 0 0 4 12 7 0 0 1 0 3 3
1595944807 95 17 0 0 35 50 37 20 34 0 0 4 12 7 0 0 1 0 3 3
1596012507 95 18 0 0 35 51 37 20 34 0 0 4 12 7 0 0 1 0 3 3
1596102398 95 18 0 1 35 51 38 21 34 0 0 4 12 7 0 0 1 0 3 3
1596122102 95 18 0 1 35 51 39 21 34 0 0 4 12 7 0 0 1 0 3 3
1596615394 97 18 0 1 35 51 39 22 34 0 0 4 12 7 0 0 1 0 3 3
1596789244 99 18 0 1 35 51 39 22 34 0 0 4 12 7 0 0 1 0 3 3
1597170663 99 18 0 1 37 52 39 22 34 0 0 4 12 7 0 0 1 0 3 3
1597247960 99 19 0 1 37 52 39 22 34 0 0 4 12 7 0 0 1 0 3 3
1597249610 99 19 0 1 38 52 39 22 34 0 0 4 12 7 0 0 1 0 3 3
1597252349 99 19 0 1 39 52 39 22 34 0 0 4 12 7 0 0 1 0 3 3
1597253726 99 19 0 1 41 52 39 22 34 0 0 4 12 7 0 0 1 0 3 3
1597305397 100 19 0 1 41 52 40 22 34 0 0 4 12 7 0 0 1 0 3 3
1597315051 101 19 0 1 41 52 40 22 34 0 0 4 12 7 0 0 1 0 3 3
1597322097 101 19 0 1 41 52 40 23 34 0 0 4 12 7 0 0 1 0 3 3
1597324455 102 19 0 1 41 53 40 24 34 0 0 4 12 7 0 0 1 0 3 3
1597329552 102 20 0 1 41 53 40 24 34 0 0 4 12 7 0 0 1 0 3 3
1597329863 102 20 0 1 41 53 41 24 34 0 0 4 12 7 0 0 1 0 3 3
1597333379 103 20 0 1 41 53 41 24 34 0 0 4 12 7 0 0 1 0 3 3
1597334432 104 20 0 1 41 53 41 24 34 0 0 4 12 7 0 0 1 0 3 3
1597338008 105 20 0 1 41 53 41 24 34 0 0 4 12 7 0 0 1 0 3 3
1597340233 106 20 0 1 41 53 41 24 34 0 0 4 12 7 0 0 1 0 3 3
1597386997 106 20 0 1 41 53 42 24 34 0 0 4 12 7 0 0 1 0 3 3
1597387012 106 20 0 1 41 53 43 26 34 0 0 4 12 7 0 0 1 0 3 3
1597389565 106 20 0 1 41 53 43 27 34 0 0 4 12 7 0 0 1 0 3 3
1597390473 106 20 0 1 41 53 43 27 34 0 1 4 12 7 0 0 1 0 3 3
1597393454 106 20 0 1 41 53 43 28 34 0 1 4 12 7 0 0 1 0 3 3
1597396375 107 20 0 1 41 53 43 28 34 0 1 4 12 7 0 0 1 0 3 3
1597399339 107 20 0 1 41 53 43 29 34 0 1 4 12 7 0 0 1 0 3 3
1597401897 107 20 0 1 41 53 44 29 34 0 1 4 12 7 0 0 1 0 3 3
1597410260 107 20 0 1 41 53 45 29 34 0 1 4 12 7 0 0 1 0 3 3
1597424851 108 20 0 1 41 53 45 29 34 0 1 4 12 7 0 0 1 0 3 3
1597653181 109 20 0 1 41 53 45 29 34 0 1 4 12 7 0 0 1 0 3 3
1597653550 110 20 0 1 41 53 45 30 34 0 2 4 12 7 0 0 1 0 3 3
1597655157 110 20 0 1 41 53 45 31 34 0 2 4 12 7 0 0 1 0 3 3
1597656345 111 20 0 1 41 53 45 31 34 0 2 4 12 7 0 0 1 0 3 3
1597658992 112 20 0 1 41 53 45 31 34 0 3 4 12 7 0 0 1 0 3 3
1597662901 112 20 0 1 41 53 46 31 34 0 3 4 12 7 0 0 1 0 3 3
1597668647 112 20 0 1 41 53 46 31 34 0 4 4 12 7 0 0 1 0 3 3
1597668819 112 20 0 1 41 53 46 31 34 0 5 4 12 7 0 0 1 0 3 3
1597671312 112 20 0 1 41 53 46 32 34 0 5 4 12 7 0 0 1 0 3 3
1597674792 113 20 0 1 41 54 46 32 34 0 5 4 12 7 0 0 1 0 3 3
1597738533 114 20 0 1 41 54 46 33 34 0 5 4 12 7 0 0 1 0 3 3
1597748221 115 20 0 1 41 54 46 33 34 0 5 4 12 7 0 0 1 0 3 3
1597754833 115 21 0 1 41 55 46 33 34 0 5 4 12 7 0 0 1 0 3 3
1597829425 115 22 0 1 41 55 46 33 34 0 5 4 12 7 0 0 1 0 3 3
1597851031 115 22 0 1 41 55 46 34 34 0 5 4 12 7 0 0 1 0 3 3
1597854650 115 22 0 1 41 57 46 34 34 0 5 4 12 7 0 0 1 0 3 3
1597917779 115 23 0 1 41 57 46 34 34 0 5 4 12 7 0 0 1 0 3 3
1597944635 115 23 0 1 41 58 46 34 34 0 5 4 12 7 0 0 1 0 3 3
1598000215 115 23 0 1 41 61 46 34 34 0 5 4 12 7 0 0 1 0 3 3
1598001888 115 24 0 1 41 61 46 34 34 0 5 4 12 7 0 0 1 0 3 3
1598001926 115 25 0 1 41 61 46 34 34 0 5 4 12 7 0 0 1 0 3 3
1598002064 115 25 0 1 41 63 46 34 34 0 6 4 12 7 0 0 1 0 3 3
1598008342 115 25 0 1 41 63 46 34 34 0 7 4 12 7 0 0 1 0 3 3
1598015618 115 25 0 1 41 64 46 35 34 0 7 4 12 7 0 0 1 0 3 3
1598017280 115 26 0 1 41 64 46 35 34 0 7 4 12 7 0 0 1 0 3 3
1598017482 115 26 0 1 41 64 47 36 37 0 7 4 12 7 0 0 1 0 3 3
1598260960 115 26 0 1 41 65 47 36 37 0 7 4 12 7 0 0 1 0 3 3
1598287193 115 26 0 1 41 66 47 36 37 0 7 4 12 7 0 0 1 0 3 3
1598350454 115 26 0 1 41 68 47 36 37 0 7 4 12 7 0 0 1 0 3 3
1598356508 115 26 0 1 41 68 47 36 37 0 8 4 12 7 0 0 1 0 3 3
1598437702 115 27 0 1 41 68 47 36 37 0 8 4 12 7 0 0 1 0 3 3
1598459785 115 27 0 1 41 68 47 37 37 0 8 4 12 7 0 0 1 0 3 3
1598459862 115 27 0 1 41 69 47 37 37 0 8 4 12 7 0 0 1 0 3 3
1598461947 115 28 0 1 41 69 47 37 37 0 8 4 12 7 0 0 1 0 3 3
1598465601 115 28 0 1 41 70 47 37 37 0 8 4 12 7 0 0 1 0 3 3
1598466653 115 29 0 1 41 70 47 37 37 0 8 4 12 7 0 0 1 0 3 3
1598493758 115 29 0 1 41 70 47 37 37 0 8 4 12 7 0 0 1 0 3 3
1598508056 115 29 0 1 41 70 48 37 37 0 8 4 12 7 0 0 1 0 3 3
1598508677 115 29 0 1 41 70 49 37 37 0 8 4 12 7 0 0 1 0 3 3
1598512970 115 29 0 1 41 70 50 37 37 0 8 4 12 7 0 0 1 0 3 3
1598518980 115 30 0 1 41 70 50 37 37 0 8 4 12 7 0 0 1 0 3 3
1598529344 115 30 0 1 41 70 50 37 37 0 8 4 12 7 0 0 1 0 3 3
1598530639 115 30 0 1 41 71 50 37 37 0 8 4 12 7 0 0 1 0 3 3
1598532107 115 31 0 1 41 74 50 37 37 0 14 4 12 7 0 0 1 0 3 3
1598532147 115 31 0 1 41 75 50 37 37 0 14 4 12 7 0 0 1 0 3 3
1598533175 115 31 0 1 41 75 51 37 37 0 14 4 12 7 0 0 1 0 3 3
1598533305 115 31 0 1 41 75 52 37 37 0 14 4 12 7 0 0 1 0 3 3
1598534554 115 31 0 1 41 76 52 37 37 0 14 4 12 7 0 0 1 0 3 3
1598536731 115 31 0 1 41 77 52 37 37 0 14 4 12 7 0 0 1 0 3 3
1598539710 115 32 0 1 41 77 52 37 37 0 14 4 12 7 0 0 1 0 3 3
1598540679 115 33 0 1 41 77 52 37 37 0 14 4 12 7 0 0 1 0 3 3
1598868958 115 34 0 1 41 77 52 37 37 0 14 4 12 7 0 0 1 0 3 3
1598869731 115 35 0 1 41 77 52 37 37 0 14 4 12 7 0 0 1 0 3 3
1598869981 115 36 0 1 41 77 52 37 37 0 14 4 12 7 0 0 1 0 3 3
1599044708 116 36 0 1 41 77 52 37 37 0 14 4 12 7 0 0 1 0 3 3
1599058274 117 36 0 1 41 77 52 37 37 0 14 4 12 7 0 0 1 0 3 3
1599406455 117 36 0 1 41 77 52 37 37 0 14 4 12 7 0 0 1 0 3 3
1599425159 118 36 0 1 41 77 52 37 37 0 14 4 12 7 0 0 1 0 3 3
1599565556 118 36 0 1 42 77 52 37 37 0 14 4 12 7 0 0 1 0 3 3
1599588402 118 36 0 1 43 77 52 37 37 0 14 4 12 7 0 0 1 0 3 3
1600077446 119 36 0 1 43 77 52 37 37 0 14 4 12 7 0 0 1 0 3 3
1600081903 120 36 0 1 43 77 52 37 37 0 14 4 12 7 0 0 1 0 3 3
1600109854 120 36 0 1 43 77 52 37 37 0 15 4 12 7 0 0 1 0 3 3
1600154213 120 36 0 1 43 77 52 38 37 0 15 4 12 7 0 0 1 0 3 3
1600154467 120 36 0 1 44 77 52 38 37 0 16 4 12 7 0 0 1 0 3 3
1600159117 120 36 0 1 44 77 52 39 37 0 16 4 12 7 0 0 1 0 3 3
1600183599 120 36 0 1 45 77 52 39 37 0 16 4 12 7 0 0 1 0 3 3
1600186766 120 36 0 1 46 77 52 39 37 0 16 4 12 7 0 0 1 0 3 3
1600189238 121 36 0 1 46 77 52 39 37 0 16 4 12 7 0 0 1 0 3 3
1600243719 121 36 0 1 46 77 52 39 37 0 16 4 12 7 0 0 1 0 3 3
1600247625 121 36 0 1 46 77 53 39 37 0 16 4 12 7 0 0 1 0 3 3
1600248067 121 36 0 1 46 78 53 39 37 0 16 4 12 7 0 0 1 0 3 3
1600250670 121 37 0 1 46 78 53 39 37 0 16 4 12 7 0 0 1 0 3 3
1600259573 123 38 0 1 46 78 53 39 37 0 16 4 12 7 0 0 1 0 3 3
1600264831 124 38 0 1 46 78 53 39 38 0 16 4 12 7 0 0 1 0 3 3
1600278571 124 38 0 1 46 78 53 39 39 0 16 4 12 7 0 0 1 0 3 3
1600344448 125 38 0 1 46 78 53 39 39 0 16 4 12 7 0 0 1 0 3 3
1600346294 126 38 0 1 46 78 53 39 39 0 16 4 12 7 0 0 1 0 3 3
1600348252 127 38 0 1 46 78 53 39 39 0 16 4 12 7 0 0 1 0 3 3
1600348313 128 38 0 1 46 78 53 39 39 0 16 4 12 7 0 0 1 0 3 3
1600353217 129 38 0 1 49 78 53 39 39 0 16 4 12 7 0 0 1 0 3 3
1600363669 129 38 0 1 50 78 53 39 39 0 16 4 12 7 0 0 1 0 3 3
1600437174 130 38 0 1 50 78 53 39 39 0 16 4 12 7 0 0 1 0 3 3
1600437283 131 38 0 1 50 78 53 39 39 0 16 4 12 7 0 0 1 0 3 3
1600441706 132 38 0 1 50 78 53 39 39 0 16 4 12 7 0 0 1 0 3 3
1600442410 133 38 0 1 50 78 53 39 39 0 16 4 12 7 0 0 1 0 3 3
1600442932 134 38 0 1 50 78 53 39 39 0 16 4 12 7 0 0 1 0 3 3
1600617280 134 38 0 1 50 78 53 39 39 0 16 4 12 7 0 0 1 0 3 3
1600677782 135 38 0 1 50 78 53 39 39 0 16 4 12 7 0 0 1 0 3 3
1600679960 136 38 0 1 50 78 53 39 39 0 16 4 12 7 0 0 1 0 3 3
1600772719 136 38 0 1 51 78 53 39 39 0 16 4 12 7 0 0 1 0 3 3
1600788413 137 38 0 1 51 78 53 39 39 0 16 4 12 7 0 0 1 0 3 3
1600789152 138 38 0 1 51 78 53 39 39 0 16 4 12 7 0 0 1 0 3 3
1600789171 139 38 0 1 51 78 53 39 39 0 16 4 12 7 0 0 1 0 3 3
1600789384 139 38 0 1 51 78 53 40 39 0 16 4 12 7 0 0 1 0 3 3
1600792652 139 38 0 1 52 78 53 40 39 0 16 4 12 7 0 0 1 0 3 3
1600857422 139 38 0 1 52 78 53 41 39 0 16 4 12 7 0 0 1 0 3 3
1600858036 139 38 0 1 52 78 53 42 39 0 16 4 12 7 0 0 1 0 3 3
1600941155 139 39 0 1 52 78 53 42 39 0 16 4 12 7 0 0 1 0 3 3
1600971644 139 39 0 1 53 78 53 42 39 0 16 4 12 7 0 0 1 0 3 3
1601028874 139 39 0 1 54 78 53 42 39 0 16 4 12 7 0 0 1 0 3 3
1601029192 140 39 0 1 55 78 53 42 39 0 16 4 12 7 0 0 1 0 3 3
1601031399 141 39 0 1 55 78 53 42 39 0 16 4 12 7 0 0 1 0 3 3
1601032592 142 39 0 1 56 78 53 42 39 0 16 4 12 7 0 0 1 0 3 3
1601040207 142 39 0 1 57 78 53 42 39 0 16 4 12 7 0 0 1 0 3 3
1601041155 142 39 0 1 57 78 53 43 39 0 16 4 12 7 0 0 1 0 3 3
1601046931 142 40 0 1 57 78 53 43 39 0 16 4 12 7 0 0 1 0 3 3
1601049694 142 41 0 1 57 80 53 43 39 0 16 4 12 7 0 0 1 0 3 3
1601295056 142 42 0 1 57 80 53 43 39 0 16 4 12 7 0 0 1 0 3 3
1601296144 143 42 0 1 57 80 53 43 39 0 16 4 12 7 0 0 1 0 3 3
1601298673 144 42 0 1 57 80 53 43 39 0 16 4 12 7 0 0 1 0 3 3
1601299457 145 42 0 1 57 80 53 43 39 0 16 4 12 7 0 0 1 0 3 3
1601299732 146 42 0 1 57 80 53 43 39 0 16 4 12 7 0 0 1 0 3 3
1601299895 146 42 0 1 57 80 53 44 39 0 16 4 12 7 0 0 1 0 3 3
1601300600 147 42 0 1 57 80 53 44 39 0 16 4 12 7 0 0 1 0 3 3
1601300766 148 42 0 1 57 80 53 44 39 0 16 4 12 7 0 0 1 0 3 3
1601363787 148 43 0 1 57 80 53 44 39 0 16 4 12 7 0 0 1 0 3 3
1601382322 149 43 0 1 57 80 53 44 39 0 16 4 12 7 0 0 1 0 3 3
1601398351 150 43 0 1 57 80 53 44 39 0 16 4 12 7 0 0 1 0 3 3
1601398766 152 43 0 1 57 80 53 44 39 0 16 4 12 7 0 0 1 0 3 3
1601549929 153 43 0 1 57 80 53 44 39 0 16 4 12 7 0 0 1 0 3 3
1601550876 155 43 0 1 57 80 53 44 39 0 16 4 12 7 0 0 1 0 3 3
1601558014 156 43 0 1 57 80 53 44 39 0 16 4 12 7 0 0 1 0 3 3
1601560889 158 43 0 1 57 80 53 44 39 0 16 4 12 7 0 0 1 0 3 3
1601563699 159 43 0 1 57 80 53 44 39 0 16 4 12 7 0 0 1 0 3 3
1601575984 159 44 0 1 57 80 53 44 39 0 16 4 12 7 0 0 1 0 3 3
1601576222 159 45 0 1 57 80 53 44 39 0 16 4 12 7 0 0 1 0 3 3
1601628977 159 46 0 1 57 80 53 44 39 0 16 4 12 7 0 0 1 0 3 3
1601630461 159 47 0 1 57 80 53 44 39 0 16 4 12 7 0 0 1 0 3 3
1601632552 159 48 0 1 57 80 53 44 39 0 16 4 12 7 0 0 1 0 3 3
1601632605 159 48 0 1 57 80 54 44 39 0 16 4 12 7 0 0 1 0 3 3
1601921827 159 48 0 1 57 80 54 44 39 0 16 5 12 7 0 0 1 0 3 3
1602702036 159 48 0 1 57 80 55 44 39 0 16 5 12 7 0 0 1 0 3 3
1602779730 159 48 0 1 57 80 55 44 39 0 16 5 12 7 0 0 1 0 3 3
1603121975 159 49 0 1 57 80 55 44 39 0 16 5 12 7 0 0 1 0 3 3
1603298469 159 49 0 1 57 80 55 44 39 0 16 5 12 7 0 0 1 0 3 3
1603298637 159 49 0 1 57 80 56 44 39 0 16 5 12 7 0 0 1 0 3 3
1603911006 159 49 3 1 57 80 56 45 39 0 16 5 12 7 0 0 1 0 3 3
1603964233 159 49 4 1 57 80 56 45 39 0 16 5 12 7 0 0 1 0 3 3
1603974416 159 49 5 1 57 82 56 45 39 0 16 5 12 7 0 0 1 0 3 3
1604069549 159 49 5 1 57 83 56 45 39 0 16 5 12 7 0 0 1 0 3 3
1604072411 159 49 5 1 57 84 56 45 39 0 16 5 12 7 0 0 1 0 3 3
1604074449 159 49 5 1 58 85 56 45 39 0 16 5 12 7 0 0 1 0 3 3
1604152446 159 49 5 1 59 85 56 45 39 0 16 5 12 7 0 0 1 0 3 3
1604153806 159 49 5 1 60 85 56 45 39 0 16 5 12 7 0 0 1 0 3 3
1604325385 159 49 5 1 61 85 56 45 39 0 16 5 12 7 0 0 1 0 3 3
1604329159 159 49 5 1 62 85 56 45 39 0 16 5 12 7 0 0 1 0 3 3
1604415649 159 49 5 1 62 86 56 45 39 0 16 5 12 7 0 0 1 0 3 3
1604417029 159 49 5 1 62 87 56 45 39 0 16 5 12 7 0 0 1 0 3 3
1604420270 159 49 5 1 62 88 56 45 39 0 16 5 12 7 0 0 1 0 3 3
1604493200 159 49 5 1 63 88 56 45 39 0 16 5 12 7 0 0 1 0 3 3
1604496441 159 49 5 1 64 88 56 45 39 0 16 5 12 7 0 0 1 0 3 3
1604584189 159 49 5 1 64 89 56 45 39 0 16 5 12 7 0 0 1 0 3 3
1604597592 159 49 5 1 64 90 56 45 39 0 16 5 12 7 0 0 1 0 3 3
1604663560 159 49 5 1 65 90 56 45 39 0 16 5 12 7 0 0 1 0 3 3
1604666879 159 49 5 1 65 91 56 45 39 0 16 5 12 7 0 0 1 0 3 3
1604668036 160 49 5 1 65 91 56 45 39 0 16 5 12 7 0 0 1 0 3 3
1604671137 160 49 5 1 66 91 56 45 39 0 16 5 12 7 0 0 1 0 3 3
1604671170 161 49 5 1 66 91 56 45 39 0 16 5 12 7 0 0 1 0 3 3
1604673879 161 49 5 1 66 92 56 45 39 0 16 5 12 7 0 0 1 0 3 3
1604674520 161 49 5 1 67 92 56 45 39 0 16 5 12 7 0 0 1 0 3 3
1604675252 161 49 6 1 67 92 56 45 39 0 16 5 12 7 0 0 1 0 3 3
1604679343 161 49 6 1 67 93 56 45 39 0 16 5 12 7 0 0 1 0 3 3
1604679437 161 49 6 1 67 94 56 45 39 0 16 5 12 7 0 0 1 0 3 3
1604680021 161 49 6 1 67 95 56 45 39 0 16 5 12 7 0 0 1 0 3 3
1604680653 161 49 6 1 67 96 56 45 39 0 16 5 12 7 0 0 1 0 3 3
1604682062 161 49 6 1 67 97 56 45 39 0 16 5 12 7 0 0 1 0 3 3
1604683731 161 49 6 1 70 97 56 45 39 0 16 5 12 7 0 0 1 0 3 3
1604688009 161 49 6 1 71 97 56 45 39 0 16 5 12 7 0 0 1 0 3 3
1604869358 161 49 6 1 72 97 56 45 39 0 16 5 12 7 0 0 1 0 3 3
1604874342 161 49 6 1 73 97 56 45 39 0 16 5 12 7 0 0 1 0 3 3
1604913558 162 49 6 1 73 97 56 45 39 0 16 5 12 7 0 0 1 0 3 3
1604913820 163 49 6 1 74 97 56 45 39 0 16 5 12 7 0 0 1 0 3 3
1604924897 163 49 7 1 74 97 56 45 39 0 16 5 12 7 0 0 1 0 3 3
1604924921 163 49 8 1 74 97 56 45 39 0 16 5 12 7 0 0 1 0 3 3
1604932884 163 49 8 1 75 97 56 45 39 0 16 5 12 7 0 0 1 0 3 3
1604934148 163 49 8 1 76 97 56 45 39 0 16 5 12 7 0 0 1 0 3 3
1604935333 163 49 8 1 76 97 56 46 39 0 16 5 12 7 0 0 1 0 3 3
1604952796 163 49 8 2 76 97 56 46 39 0 16 5 12 7 0 0 1 0 3 3
1604953527 163 49 8 3 76 97 56 46 39 0 16 5 12 7 0 0 1 0 3 3
1604955857 163 49 8 4 76 97 56 46 39 0 16 5 12 7 0 0 1 0 3 3
1604956880 163 49 8 5 76 97 56 46 39 0 16 5 12 7 0 0 1 0 3 3
1605001257 163 49 9 5 76 97 56 46 39 0 16 5 12 7 0 0 1 0 3 3
1605019071 163 49 9 5 77 97 56 46 39 0 16 5 12 7 0 0 1 0 3 3
1605019825 163 49 9 6 77 97 56 46 39 0 16 5 12 7 0 0 1 0 3 3
1605020211 163 49 10 6 77 97 56 46 39 0 16 5 12 7 0 0 1 0 3 3
1605020680 163 49 10 6 78 97 56 46 39 0 16 5 12 7 0 0 1 0 3 3
1605021823 163 49 10 6 79 97 56 46 39 0 16 5 12 7 0 0 1 0 3 3
1605032631 163 49 10 7 79 97 56 46 39 0 16 5 12 7 0 0 1 0 3 3
1605085960 163 50 10 7 79 97 56 46 39 0 16 5 12 7 0 0 1 0 3 3
1605086020 163 51 10 7 79 97 56 46 39 0 16 5 12 7 0 0 1 0 3 3
1605087139 163 51 11 7 79 97 56 46 39 0 16 5 12 7 0 0 1 0 3 3
1605087389 163 51 12 7 79 97 56 46 39 0 16 5 12 7 0 0 1 0 3 3
1605087798 163 51 12 8 79 97 56 46 39 0 16 5 12 7 0 0 1 0 3 3
1605087825 163 51 13 8 79 97 56 46 39 0 16 5 12 7 0 0 1 0 3 3
1605088282 163 51 14 8 79 97 56 46 39 0 16 5 12 7 0 0 1 0 3 3
1605088297 163 52 14 8 79 97 56 46 39 0 16 5 12 7 0 0 1 0 3 3
1605088315 163 53 14 8 79 97 56 46 39 0 16 5 12 7 0 0 1 0 3 3
1605088607 163 53 14 9 79 97 56 46 39 0 16 5 12 7 0 0 1 0 3 3
1605088660 163 53 14 10 79 97 56 46 39 0 16 5 12 7 0 0 1 0 3 3
1605088714 163 54 14 10 79 97 56 46 39 0 16 5 12 7 0 0 1 0 3 3
1605090500 163 54 14 11 79 97 56 46 39 0 16 5 12 7 0 0 1 0 3 3
1605090521 163 54 14 12 79 97 56 46 39 0 16 5 12 7 0 0 1 0 3 3
1605095674 163 54 14 12 79 97 57 46 39 0 16 5 12 7 0 0 1 0 3 3
1605117545 163 54 14 12 80 97 57 46 39 0 16 5 12 7 0 0 1 0 3 3
1605119278 163 54 14 12 80 97 57 46 39 0 16 5 12 7 0 0 1 0 3 3
1605124913 163 54 14 12 81 97 57 46 39 0 16 5 12 7 0 0 1 0 3 3
1605171553 163 54 14 12 82 97 57 46 39 0 16 5 12 7 0 0 1 0 3 3
1605174466 163 54 14 12 83 97 57 46 39 0 16 5 12 7 0 0 1 0 3 3
1605178635 163 54 14 12 83 97 57 47 39 0 16 5 12 7 0 0 1 0 3 3
1605817580 163 54 14 13 83 97 57 47 39 0 16 5 12 7 0 0 1 0 3 3
1605873573 163 54 14 13 83 98 57 47 39 0 16 5 12 7 0 0 1 0 3 3
1605882132 163 54 14 13 83 99 57 47 39 0 16 5 12 7 0 0 1 0 3 3
1605882439 163 54 14 13 83 100 57 47 39 0 16 5 12 7 0 0 1 0 3 3
1605893338 163 54 14 13 83 101 57 47 39 0 16 5 12 7 0 0 1 0 3 3
1605893965 163 54 14 13 83 102 57 47 39 0 16 5 12 7 0 0 1 0 3 3
1606229849 163 54 14 13 83 103 57 47 39 0 16 5 12 7 0 0 1 0 3 3
1606230968 163 55 14 13 83 103 57 47 39 0 16 5 12 7 0 0 1 0 3 3
1606299083 163 55 14 13 83 104 57 47 39 0 16 5 12 7 0 0 1 0 3 3
1606300586 163 56 14 13 83 104 57 47 39 0 16 5 12 7 0 0 1 0 3 3
1606427907 163 56 14 14 83 104 57 47 39 0 16 5 12 7 0 0 1 0 3 3
1606428094 163 56 14 15 83 104 57 47 39 0 16 5 12 7 0 0 1 0 3 3
1606431284 163 56 14 16 83 104 57 47 39 0 16 5 12 7 0 0 1 0 3 3
1606432863 163 56 14 17 83 104 57 47 39 0 16 5 12 7 0 0 1 0 3 3
1606433230 163 56 14 18 83 104 57 47 39 0 16 5 12 7 0 0 1 0 3 3
1606469947 163 56 14 19 83 104 57 47 39 0 16 5 12 7 0 0 1 0 3 3
1606496361 163 56 14 19 83 105 57 47 39 0 16 5 12 7 0 0 1 0 3 3
1606738277 163 56 14 20 83 105 57 47 39 0 16 5 12 7 0 0 1 0 3 3
1606738765 163 56 14 21 83 105 57 47 39 0 16 5 12 7 0 0 1 0 3 3
1606739642 163 56 14 22 83 105 57 47 39 0 16 5 12 7 0 0 1 0 3 3
1606748549 163 56 14 22 83 106 57 47 39 0 16 5 12 7 0 0 1 0 3 3
1606749179 163 56 15 23 83 106 57 47 39 0 16 5 12 7 0 0 1 0 3 3
1606751186 163 56 15 23 83 107 57 47 39 0 16 5 12 7 0 0 1 0 3 3
1606751910 163 56 15 23 83 109 57 47 39 0 16 5 12 7 0 0 1 0 3 3
1606753585 163 56 15 23 83 110 57 47 39 0 16 5 12 7 0 0 1 0 3 3
1606753762 163 56 15 23 83 111 57 47 39 0 16 5 12 7 0 0 1 0 3 3
1606757435 165 56 15 23 83 112 57 47 39 0 16 5 12 7 0 0 1 0 3 3
1606759881 166 56 15 23 83 112 57 47 39 0 16 5 12 7 0 0 1 0 3 3
1606760281 167 56 15 23 83 112 57 47 39 0 16 5 12 7 0 0 1 0 3 3
1606821017 167 57 15 23 83 112 57 47 39 0 16 5 12 7 0 0 1 0 3 3
1606822188 167 57 15 23 83 114 57 47 39 0 16 5 12 7 0 0 1 0 3 3
1606822832 167 57 15 23 83 115 57 47 39 0 16 5 12 7 0 0 1 0 3 3
1606824191 167 57 15 23 83 116 57 47 39 0 16 5 12 7 0 0 1 0 3 3
1606831933 168 57 15 23 83 116 57 47 39 0 16 5 12 7 0 0 1 0 3 3
1606840940 169 57 15 23 83 116 57 47 39 0 16 5 12 7 0 0 1 0 3 3
1606845315 170 57 15 23 83 116 57 47 39 0 16 5 12 7 0 0 1 0 3 3
1606857110 170 57 15 24 83 116 57 47 39 0 16 5 12 7 0 0 1 0 3 3
1606899312 170 57 15 24 83 116 57 48 39 0 16 5 12 7 0 0 1 0 3 3
1606904490 170 57 15 24 84 116 57 48 39 0 16 5 12 7 0 0 1 0 3 3
1606906719 171 57 15 24 84 116 57 48 39 0 16 5 12 7 0 0 1 0 3 3
1606906857 172 57 15 24 84 116 57 48 39 0 16 5 12 7 0 0 1 0 3 3
1606910460 173 57 15 24 84 116 57 48 39 0 16 5 12 7 0 0 1 0 3 3
1606910509 174 57 15 24 84 116 57 48 39 0 16 5 12 7 0 0 1 0 3 3
1606911495 175 57 15 24 84 116 57 48 39 0 16 5 12 7 0 0 1 0 3 3
1606928689 175 57 15 25 84 116 57 48 39 0 16 5 12 7 0 0 1 0 3 3
1606928736 175 57 15 26 84 116 57 48 39 0 16 5 12 7 0 0 1 0 3 3
1606928899 175 57 15 27 84 116 57 48 39 0 16 5 12 7 0 0 1 0 3 3
1606929556 175 57 15 28 84 116 57 48 39 0 16 5 12 7 0 0 1 0 3 3
1606929947 175 57 15 29 84 116 57 48 39 0 16 5 12 7 0 0 1 0 3 3
1606936958 175 57 15 30 84 116 57 48 39 0 16 5 12 7 0 0 1 0 3 3
1606937209 175 57 15 31 84 116 57 48 39 0 16 5 12 7 0 0 1 0 3 3
1606937231 175 57 15 32 84 116 57 48 39 0 16 5 12 7 0 0 1 0 3 3
1606937253 175 57 15 33 84 116 57 48 39 0 16 5 12 7 0 0 1 0 3 3
1606937540 175 57 15 34 84 116 57 48 39 0 16 5 12 7 0 0 1 0 3 3
1606937699 175 57 15 35 84 116 57 48 39 0 16 5 12 7 0 0 1 0 3 3
1606937743 175 57 15 36 84 116 57 48 39 0 16 5 12 7 0 0 1 0 3 3
1606981519 175 57 16 36 84 116 57 48 39 0 16 5 12 7 0 0 1 0 3 3
1606984010 175 57 17 36 84 116 57 48 39 0 16 5 12 7 0 0 1 0 3 3
1606991505 175 57 17 36 84 117 57 48 39 0 16 5 12 7 0 0 1 0 3 3
1606991658 175 57 17 36 84 118 57 48 39 0 16 5 12 7 0 0 1 0 3 3
1606991662 175 57 17 36 84 118 57 48 39 0 16 5 12 7 0 0 1 0 3 3
1606991910 175 57 17 36 84 119 57 48 39 0 16 5 12 7 0 0 1 0 3 3
1606993465 175 58 17 36 84 119 57 48 39 0 16 5 12 7 0 0 1 0 3 3
1607002420 175 58 17 37 84 119 57 49 39 0 16 5 12 7 0 0 1 0 3 3
1607013967 175 58 17 38 84 119 57 49 39 0 16 5 12 7 0 0 1 0 3 3
1607014808 175 58 17 39 84 119 57 49 39 0 16 5 12 7 0 0 1 0 3 3
1607017077 175 58 17 40 84 119 57 49 39 0 16 5 12 7 0 0 1 0 3 3
1607020163 175 58 17 41 84 119 57 49 39 0 16 5 12 7 0 0 1 0 3 3
1607021155 175 58 17 42 84 119 57 49 39 0 16 5 12 7 0 0 1 0 3 3
1607022635 175 58 17 43 84 119 57 49 39 0 16 5 12 7 0 0 1 0 3 3
1607024008 175 58 17 44 84 119 57 49 39 0 16 5 12 7 0 0 1 0 3 3
1607104901 175 58 17 44 84 119 57 49 39 0 16 5 12 7 0 0 1 0 3 3
1607615766 175 58 18 44 84 119 57 49 39 0 16 5 12 7 0 0 1 0 3 3
1607670605 175 58 18 44 84 119 58 49 39 0 16 5 12 7 0 0 1 0 3 3
1607671258 175 58 18 44 84 119 59 49 39 0 16 5 12 7 0 0 1 0 3 3
1607685812 175 58 18 44 84 119 60 49 39 0 16 5 12 7 0 0 1 0 3 3
1607933268 175 58 19 44 84 119 60 49 39 0 16 5 12 7 0 0 1 0 3 3
1607934762 175 58 20 44 84 119 60 49 39 0 16 5 12 7 0 0 1 0 3 3
1607968657 175 58 20 45 84 119 60 49 39 0 16 5 12 7 0 0 1 0 3 3
1608018222 175 58 21 45 84 119 60 49 39 0 16 5 12 7 0 0 1 0 3 3
1608019316 175 58 22 45 84 119 60 49 39 0 16 5 12 7 0 0 1 0 3 3
1608023965 175 58 23 45 84 119 60 49 39 0 16 5 12 7 0 0 1 0 3 3
1608029303 175 58 24 45 84 119 60 49 39 0 16 5 12 7 0 0 1 0 3 3
1608029463 175 58 25 45 84 119 60 49 39 0 16 5 12 7 0 0 1 0 3 3
1608032715 175 58 25 46 84 119 60 49 39 0 16 5 12 7 0 0 1 0 3 3
1608039711 176 58 25 46 84 119 60 49 39 0 16 5 12 7 0 0 1 0 3 3
1608041624 176 58 25 47 84 120 60 49 39 0 16 5 12 7 0 0 1 0 3 3
1608047335 176 58 26 47 84 120 60 49 39 0 16 5 12 7 0 0 1 0 3 3
1608048565 176 58 26 47 84 121 60 49 39 0 16 5 12 7 0 0 1 0 3 3
1608051737 176 58 26 47 84 122 60 49 39 0 16 5 12 7 0 0 1 0 3 3
1608065283 177 58 26 47 84 122 60 49 39 0 16 5 12 7 0 0 1 0 3 3
1608066561 178 58 26 47 84 122 60 49 39 0 16 5 12 7 0 0 1 0 3 3
1608068490 178 58 26 47 84 122 60 49 39 0 16 5 12 7 0 0 1 0 3 3
1608068777 179 58 26 47 84 122 60 49 39 0 16 5 12 7 0 0 1 0 3 3
1608068791 180 58 26 47 84 122 60 49 39 0 16 5 12 7 0 0 1 0 3 3
1608069978 180 58 26 48 84 122 60 49 39 0 16 5 12 7 0 0 1 0 3 3
1608072365 180 58 26 49 84 122 60 49 39 0 16 5 12 7 0 0 1 0 3 3
1608105325 180 58 27 49 84 122 60 49 39 0 16 5 12 7 0 0 1 0 3 3
1608106127 180 58 28 49 84 122 60 49 39 0 16 5 12 7 0 0 1 0 3 3
1608108844 180 58 28 49 84 123 60 49 39 0 16 5 12 7 0 0 1 0 3 3
1608109027 180 58 28 49 84 124 60 49 39 0 16 5 12 7 0 0 1 0 3 3
1608109372 180 58 29 49 84 124 60 49 39 0 16 5 12 7 0 0 1 0 3 3
1608111094 180 58 29 49 85 124 60 49 39 0 16 5 12 7 0 0 1 0 3 3
1608112995 180 58 29 50 85 124 60 49 39 0 16 5 12 7 0 0 1 0 3 3
1608113053 180 59 29 50 85 124 60 49 39 0 16 5 12 7 0 0 1 0 3 3
1608113188 180 59 30 50 85 124 60 49 39 0 16 5 12 7 0 0 1 0 3 3
1608113589 180 60 30 50 85 124 60 49 39 0 16 5 12 7 0 0 1 0 3 3
1608113887 180 60 31 50 85 124 60 49 39 0 16 5 12 7 0 0 1 0 3 3
1608114822 180 61 31 50 85 125 60 49 39 0 16 5 12 7 0 0 1 0 3 3
1608115643 180 61 32 50 85 125 60 49 39 0 16 5 12 7 0 0 1 0 3 3
1608116857 180 61 33 50 85 125 60 49 39 0 16 5 12 7 0 0 1 0 3 3
1608116868 180 61 34 50 85 125 60 49 39 0 16 5 12 7 0 0 1 0 3 3
1608119404 180 61 35 50 85 125 60 49 39 0 16 5 12 7 0 0 1 0 3 3
1608119464 180 61 36 50 85 125 60 49 39 0 16 5 12 7 0 0 1 0 3 3
1608119666 180 62 36 50 85 125 60 49 39 0 16 5 12 7 0 0 1 0 3 3
1608123230 180 63 36 50 85 125 60 49 39 0 16 5 12 7 0 0 1 0 3 3
1608124585 180 63 36 50 86 125 60 49 39 0 16 5 12 7 0 0 1 0 3 3
1608125407 180 63 37 50 86 125 60 49 39 0 16 5 12 7 0 0 1 0 3 3
1608130267 180 63 38 50 86 125 60 49 39 0 16 5 12 7 0 0 1 0 3 3
1608188572 180 63 39 50 86 125 60 49 39 0 16 5 12 7 0 0 1 0 3 3
1608204655 180 63 40 50 86 125 60 49 39 0 16 5 12 7 0 0 1 0 3 3
1608209023 180 63 41 50 86 125 60 49 39 0 16 5 12 7 0 0 1 0 3 3
1608218442 180 63 41 50 86 125 60 50 39 0 16 5 12 7 0 0 1 0 3 3
1608219851 180 63 41 50 86 125 60 51 39 0 16 5 12 7 0 0 1 0 3 3
1610054625 180 63 41 51 86 125 60 51 39 0 16 5 12 7 0 0 1 0 3 3
1610106349 180 63 41 52 86 125 60 51 39 0 16 5 12 7 0 0 1 0 3 3
1610107764 180 63 41 52 87 125 60 51 39 0 16 5 12 7 0 0 1 0 3 3
1610108150 180 63 41 52 88 125 60 51 39 0 16 5 12 7 0 0 1 0 3 3
1610109115 180 63 41 52 88 125 61 51 39 0 16 5 12 7 0 0 1 0 3 3
1610109287 180 63 41 52 88 125 62 51 39 0 16 5 12 7 0 0 1 0 3 3
1610110949 180 63 41 52 89 125 62 51 39 0 16 5 12 7 0 0 1 0 3 3
1610113430 180 63 42 52 89 125 62 51 39 0 16 5 12 7 0 0 1 0 3 3
1610115966 180 63 42 52 89 125 63 51 39 0 16 5 12 7 0 0 1 0 3 3
1610118400 180 63 43 52 89 125 63 51 39 0 16 5 12 7 0 0 1 0 3 3
1610125547 180 63 43 53 89 125 63 51 39 0 16 5 12 7 0 0 1 0 3 3
1610371363 180 63 43 53 89 125 64 51 39 0 16 5 12 7 0 0 1 0 3 3
1610376765 181 63 43 53 89 125 64 51 39 0 16 5 12 7 0 0 1 0 3 3
1610376917 182 63 43 53 89 125 64 51 39 0 16 5 12 7 0 0 1 0 3 3
1610379039 183 63 43 53 89 125 64 51 39 0 16 5 12 7 0 0 1 0 3 3
1610383884 184 63 43 53 89 125 64 51 39 0 16 5 12 7 0 0 1 0 3 3
1610383928 184 63 43 53 89 125 65 51 39 0 16 5 12 7 0 0 1 0 3 3
1610383941 184 63 43 53 89 125 66 51 39 0 16 5 12 7 0 0 1 0 3 3
1610445026 185 63 43 53 89 125 66 51 39 0 16 5 12 7 0 0 1 0 3 3
1610445208 186 63 43 53 89 125 66 51 39 0 16 5 12 7 0 0 1 0 3 3
1610448032 187 63 43 53 89 125 66 51 39 0 16 5 12 7 0 0 1 0 3 3
1610451781 188 63 43 53 89 125 66 51 39 0 16 5 12 7 0 0 1 0 3 3
1610461494 188 63 44 53 89 125 66 51 39 0 16 5 12 7 0 0 1 0 3 3
1610462313 188 63 45 53 89 125 66 51 39 0 16 5 12 7 0 0 1 0 3 3
1610551792 194 63 47 54 91 125 70 51 39 0 16 5 12 7 0 0 1 0 3 3
1610551896 194 63 47 55 91 125 70 51 39 0 16 5 12 7 0 0 1 0 3 3
1610552849 194 63 47 56 91 125 70 51 39 0 16 5 12 7 0 0 1 0 3 3
1610553064 194 63 47 57 91 125 70 51 39 0 16 5 12 7 0 0 1 0 3 3
1610555451 194 64 47 57 91 125 70 51 39 0 16 5 12 7 0 0 1 0 3 3
1610556829 194 64 47 58 91 125 70 51 39 0 16 5 12 7 0 0 1 0 3 3
1610559636 194 64 47 59 91 125 70 51 39 0 16 5 12 7 0 0 1 0 3 3
1610559903 194 64 47 60 91 125 70 51 39 0 16 5 12 7 0 0 1 0 3 3
1610566164 194 64 47 60 91 125 71 51 39 0 16 5 12 7 0 0 1 0 3 3
1610567263 194 64 47 60 91 125 72 51 39 0 16 5 12 7 0 0 1 0 3 3
1610726928 194 64 48 60 91 125 72 51 39 0 16 5 12 7 0 0 1 0 3 3
1610971075 194 64 49 60 91 125 72 51 39 0 16 5 12 7 0 0 1 0 3 3
1611165025 194 64 50 60 91 125 72 51 39 0 16 5 12 7 0 0 1 0 3 3
1611222104 194 64 52 60 91 125 72 51 39 0 16 5 12 7 0 0 1 0 3 3
1611243045 194 64 53 60 91 125 72 51 39 0 16 5 12 7 0 0 1 0 3 3
1611243802 194 64 54 60 91 125 72 51 39 0 16 5 12 7 0 0 1 0 3 3
1611307454 194 64 55 60 91 125 72 51 39 0 16 5 12 7 0 0 1 0 3 3
1611559527 194 64 55 60 91 125 73 51 39 0 16 5 12 7 0 0 1 0 3 3
1611585151 194 64 55 60 91 125 74 51 39 0 16 5 12 7 0 0 1 0 3 3
1611585235 194 64 55 60 91 125 75 51 39 0 16 5 12 7 0 0 1 0 3 3
1611667452 194 65 55 60 91 125 75 51 39 0 16 5 12 7 0 0 1 0 3 3
1611672147 194 66 55 60 91 125 75 51 39 0 16 5 12 7 0 0 1 0 3 3
1611679067 194 67 55 60 91 125 75 51 39 0 16 5 12 7 0 0 1 0 3 3
1611679824 194 68 55 60 91 125 76 51 39 0 16 5 12 7 0 0 1 0 3 3
1611761201 194 69 55 60 91 125 76 51 39 0 16 5 12 7 0 0 1 0 3 3
1611762057 194 70 55 60 91 125 76 51 39 0 16 5 12 7 0 0 1 0 3 3
1611772010 194 71 55 60 91 125 76 51 39 0 16 5 12 7 0 0 1 0 3 3
1611824316 194 72 55 60 91 125 76 51 39 0 16 5 12 7 0 0 1 0 3 3
1611825031 194 72 55 60 91 125 77 51 39 0 16 5 12 7 0 0 1 0 3 3
1611825086 194 72 55 60 91 125 78 51 39 0 16 5 12 7 0 0 1 0 3 3
1611831321 194 73 55 60 91 125 78 51 39 0 16 5 12 7 0 0 1 0 3 3
1611831614 194 74 55 60 91 125 78 51 39 0 16 5 12 7 0 0 1 0 3 3
1611908651 194 74 56 60 91 125 78 51 39 0 16 5 12 7 0 0 1 0 3 3
1611916203 194 74 56 60 91 125 79 51 39 0 16 5 12 7 0 0 1 0 3 3
1611916229 194 74 56 60 92 125 79 51 39 0 16 5 12 7 0 0 1 0 3 3
1611916612 194 74 56 60 92 125 80 51 39 0 16 5 12 7 0 0 1 0 3 3
1611922265 194 74 56 60 93 125 80 51 39 0 16 5 12 7 0 0 1 0 3 3
1611923668 194 74 57 60 93 125 80 51 39 0 16 5 12 7 0 0 1 0 3 3
1611923719 194 75 57 60 93 125 80 51 39 0 16 5 12 7 0 0 1 0 3 3
1611925759 194 76 57 60 93 125 80 51 39 0 16 5 12 7 0 0 1 0 3 3
1611929859 194 77 57 60 93 125 80 51 39 0 16 5 12 7 0 0 1 0 3 3
1611929922 194 77 57 60 93 125 81 51 39 0 16 5 12 7 0 0 1 0 3 3
1611930760 194 77 58 60 93 125 81 51 39 0 16 5 12 7 0 0 1 0 3 3
1611938321 194 77 59 60 93 125 81 51 39 0 16 5 12 7 0 0 1 0 3 3
1611938357 194 77 60 60 93 125 81 51 39 0 16 5 12 7 0 0 1 0 3 3
1611939896 194 78 60 60 93 125 81 51 39 0 16 5 12 7 0 0 1 0 3 3
1611940236 194 79 60 60 93 125 81 51 39 0 16 5 12 7 0 0 1 0 3 3
1611940465 194 80 60 60 93 125 81 51 39 0 16 5 12 7 0 0 1 0 3 3
1612095213 195 80 60 60 93 125 81 51 39 0 16 5 12 7 0 0 1 0 3 3
1612103330 195 80 60 60 94 125 81 51 39 0 16 5 12 7 0 0 1 0 3 3
1612167049 195 80 61 60 94 125 81 51 39 0 16 5 12 7 0 0 1 0 3 3
1612168891 195 81 61 60 94 125 81 51 39 0 16 5 12 7 0 0 1 0 3 3
1612169209 198 82 61 60 94 125 81 51 39 0 16 5 12 7 0 0 1 0 3 3
1612174519 199 82 61 60 94 125 81 51 39 0 16 5 12 7 0 0 1 0 3 3
1612176040 200 82 61 60 94 125 81 51 39 0 16 5 12 7 0 0 1 0 3 3
1612176064 201 82 61 60 94 125 81 51 39 0 16 5 12 7 0 0 1 0 3 3
1612179656 201 83 61 60 94 125 81 51 39 0 16 5 12 7 0 0 1 0 3 3
1612180094 201 84 61 60 94 125 81 51 39 0 16 5 12 7 0 0 1 0 3 3
1612181198 201 84 62 60 94 125 81 51 39 0 16 5 12 7 0 0 1 0 3 3
1612183910 201 85 62 60 94 125 81 51 39 0 16 5 12 7 0 0 1 0 3 3
1612183965 201 86 62 60 94 125 81 51 39 0 16 5 12 7 0 0 1 0 3 3
1612188490 201 87 62 60 94 125 81 51 39 0 16 5 12 7 0 0 1 0 3 3
1612188641 201 88 62 60 94 125 81 51 39 0 16 5 12 7 0 0 1 0 3 3
1612191548 201 89 62 60 94 125 81 51 39 0 16 5 12 7 0 0 1 0 3 3
1612193753 201 90 62 60 94 125 81 51 39 0 16 5 12 7 0 0 1 0 3 3
1612517044 201 90 63 60 94 125 81 51 39 0 16 5 12 7 0 0 1 0 3 3
1612522744 201 91 63 60 94 125 81 51 39 0 16 5 12 7 0 0 1 0 3 3
1612530629 201 91 64 60 94 125 81 51 39 0 16 5 12 7 0 0 1 0 3 3
1612535570 201 91 68 60 94 125 81 51 39 0 16 5 12 7 0 0 1 0 3 3
1612780508 201 91 69 60 94 125 81 51 39 0 16 5 12 7 0 0 1 0 3 3
1612782225 201 91 69 60 94 125 82 51 39 0 16 5 12 7 0 0 1 0 3 3
1612864216 201 92 69 60 94 125 82 51 39 0 16 5 12 7 0 0 1 0 3 3
1612877474 201 93 69 60 94 125 82 51 39 0 16 5 12 7 0 0 1 0 3 3
1612878165 201 93 70 60 94 125 82 51 39 0 16 5 12 7 0 0 1 0 3 3
1612885284 201 93 70 60 94 125 82 52 39 0 16 5 12 7 0 0 1 0 3 3
1612955021 201 93 71 60 94 125 82 52 39 0 16 5 12 7 0 0 1 0 3 3
1612956054 201 93 71 60 94 125 82 53 39 0 16 5 12 7 0 0 1 0 3 3
1612957574 201 93 71 60 94 125 82 54 39 0 16 5 12 7 0 0 1 0 3 3
1612964402 201 93 72 60 94 125 82 54 39 0 16 5 12 7 0 0 1 0 3 3
1612975493 201 94 72 60 94 125 82 54 39 0 16 5 12 7 0 0 1 0 3 3
1612976610 202 94 72 60 94 125 82 54 39 0 16 5 12 7 0 0 1 0 3 3
1612979471 202 94 72 60 95 125 82 54 39 0 16 5 12 7 0 0 1 0 3 3
1612979472 203 94 72 60 95 125 82 54 39 0 16 5 12 7 0 0 1 0 3 3
1612980396 204 94 73 60 95 125 82 54 39 0 16 5 12 7 0 0 1 0 3 3
1612980601 205 94 73 60 95 125 82 54 39 0 16 5 12 7 0 0 1 0 3 3
1612983820 206 94 73 60 95 125 82 54 39 0 16 5 12 7 0 0 1 0 3 3
1613033183 206 94 73 60 95 125 82 55 39 0 16 5 12 7 0 0 1 0 3 3
1613033264 206 94 73 60 95 125 82 56 39 0 16 5 12 7 0 0 1 0 3 3
1613033298 206 94 73 60 95 125 82 57 39 0 16 5 12 7 0 0 1 0 3 3
1613033350 206 94 73 60 95 125 82 58 39 0 16 5 12 7 0 0 1 0 3 3
1613033411 206 94 73 60 95 125 82 59 39 0 16 5 12 7 0 0 1 0 3 3
1613033691 206 94 73 60 95 125 82 60 39 0 16 5 12 7 0 0 1 0 3 3
1613033720 206 94 73 60 95 125 82 61 39 0 16 5 12 7 0 0 1 0 3 3
1613034207 207 94 73 60 95 125 82 61 39 0 16 5 12 7 0 0 1 0 3 3
1613034719 207 94 73 60 95 125 82 62 39 0 16 5 12 7 0 0 1 0 3 3
1613037250 207 95 73 60 95 125 82 62 39 0 16 5 12 7 0 0 1 0 3 3
1613037559 207 96 73 60 95 125 82 62 39 0 16 5 12 7 0 0 1 0 3 3
1613037781 207 97 73 60 95 125 82 62 39 0 16 5 12 7 0 0 1 0 3 3
1613038923 207 98 73 60 95 125 82 62 39 0 16 5 12 7 0 0 1 0 3 3
1613039524 207 98 73 60 95 125 82 63 39 0 16 5 12 7 0 0 1 0 3 3
1613039836 207 98 73 60 95 125 82 64 39 0 16 5 12 7 0 0 1 0 3 3
1613043527 208 98 73 60 95 125 82 64 39 0 16 5 12 7 0 0 1 0 3 3
1613043913 209 98 73 60 95 125 82 64 39 0 16 5 12 7 0 0 1 0 3 3
1613044158 210 98 73 60 95 125 82 64 39 0 16 5 12 7 0 0 1 0 3 3
1613044621 211 98 73 60 95 125 82 64 39 0 16 5 12 7 0 0 1 0 3 3
1613044627 212 98 73 60 95 125 82 64 39 0 16 5 12 7 0 0 1 0 3 3
1613045013 212 98 73 60 95 125 82 65 39 0 16 5 12 7 0 0 1 0 3 3
1613050316 212 98 73 60 95 125 82 66 39 0 16 5 12 7 0 0 1 0 3 3
1613051339 212 98 74 60 95 125 82 66 39 0 16 5 12 7 0 0 1 0 3 3
1613051369 212 98 75 60 95 125 82 66 39 0 16 5 12 7 0 0 1 0 3 3
1613051602 212 98 75 60 95 125 82 67 39 0 16 5 12 7 0 0 1 0 3 3
1613052066 212 98 75 60 95 125 82 68 39 0 16 5 12 7 0 0 1 0 3 3
1613393410 212 98 76 60 95 125 82 68 39 0 16 5 12 7 0 0 1 0 3 3
1613472158 212 98 77 60 95 125 82 68 39 0 16 5 12 7 0 0 1 0 3 3
1613472580 212 98 78 60 95 125 82 68 39 0 16 5 12 7 0 0 1 0 3 3
1613474201 212 98 79 60 95 125 82 68 39 0 16 5 12 7 0 0 1 0 3 3
1613475841 212 98 80 60 95 125 82 68 39 0 16 5 12 7 0 0 1 0 3 3
1613475865 212 98 81 60 95 125 82 68 39 0 16 5 12 7 0 0 1 0 3 3
1613479999 212 98 82 60 95 125 82 68 39 0 16 5 12 7 0 0 1 0 3 3
1613480111 212 98 84 60 95 125 82 68 39 0 16 5 12 7 0 0 1 0 3 3
1613486142 212 99 84 60 95 125 82 68 39 0 16 5 12 7 0 0 1 0 3 3
1613487497 212 100 84 60 95 125 82 68 39 0 16 5 12 7 0 0 1 0 3 3
1613488077 212 100 85 60 95 125 82 68 39 0 16 5 12 7 0 0 1 0 3 3
1613488422 212 100 86 60 95 125 82 68 39 0 16 5 12 7 0 0 1 0 3 3
1613507238 212 100 86 61 95 125 82 68 39 0 16 5 12 7 0 0 1 0 3 3
1613507312 212 100 86 62 95 125 82 68 39 0 16 5 12 7 0 0 1 0 3 3
1613513934 212 100 86 63 95 125 82 68 39 0 16 5 12 7 0 0 1 0 3 3
1613550770 212 100 87 63 95 125 82 68 39 0 16 5 12 7 0 0 1 0 3 3
1613567010 212 100 88 63 95 125 82 68 39 0 16 5 12 7 0 0 1 0 3 3
1613577279 212 100 88 64 95 125 82 68 39 0 16 5 12 7 0 0 1 0 3 3
1613581952 212 100 88 65 95 125 82 68 39 0 16 5 12 7 0 0 1 0 3 3
1613582661 212 100 88 66 95 125 82 68 39 0 16 5 12 7 0 0 1 0 3 3
1613583256 212 100 88 67 95 125 82 68 39 0 16 5 12 7 0 0 1 0 3 3
1613583801 212 100 89 67 95 125 82 68 39 0 16 5 12 7 0 0 1 0 3 3
1613584649 212 100 89 68 95 125 82 68 39 0 16 5 12 7 0 0 1 0 3 3
1613590951 212 100 89 69 95 125 82 68 39 0 16 5 12 7 0 0 1 0 3 3
1613591488 212 100 89 70 95 125 82 68 39 0 16 5 12 7 0 0 1 0 3 3
1613591681 212 100 89 71 95 125 82 68 39 0 16 5 12 7 0 0 1 0 3 3
1613597702 214 100 89 72 95 125 82 68 39 0 16 5 12 7 0 0 1 0 3 3
1613642474 214 100 89 73 95 125 82 68 39 0 16 5 12 7 0 0 1 0 3 3
1613646427 214 100 89 73 95 125 83 68 39 0 16 5 12 7 0 0 1 0 3 3
1613649893 215 100 89 73 95 125 83 68 39 0 16 5 12 7 0 0 1 0 3 3
1613650342 215 100 89 74 95 125 83 68 39 0 16 5 12 7 0 0 1 0 3 3
1613650417 215 100 89 75 95 125 83 68 39 0 16 5 12 7 0 0 1 0 3 3
1613654923 216 100 89 75 95 125 83 68 39 0 16 5 12 7 0 0 1 0 3 3
1613654942 217 100 89 75 95 125 83 68 39 0 16 5 12 7 0 0 1 0 3 3
1613656780 220 100 89 75 95 125 83 68 39 0 16 5 12 7 0 0 1 0 3 3
1613665033 220 100 89 76 95 125 83 68 39 0 16 5 12 7 0 0 1 0 3 3
1613665066 220 100 89 77 95 125 83 68 39 0 16 5 12 7 0 0 1 0 3 3
1613665080 220 100 89 78 95 125 83 68 39 0 16 5 12 7 0 0 1 0 3 3
1613666066 220 101 89 78 95 125 83 68 39 0 16 5 12 7 0 0 1 0 3 3
1613666534 220 102 89 78 95 125 83 68 39 0 16 5 12 7 0 0 1 0 3 3
1613667692 220 103 89 78 95 125 83 68 39 0 16 5 12 7 0 0 1 0 3 3
1613672957 221 103 89 78 95 125 83 68 39 0 16 5 12 7 0 0 1 0 3 3
1613678551 222 103 89 78 95 125 83 68 39 0 16 5 12 7 0 0 1 0 3 3
1613682348 223 103 89 78 95 125 83 68 39 0 16 5 12 7 0 0 1 0 3 3
1613734357 224 103 89 78 95 125 83 68 39 0 16 5 12 7 0 0 1 0 3 3
1613736896 225 103 89 78 95 125 83 68 39 0 16 5 12 7 0 0 1 0 3 3
1613738615 226 103 89 78 96 125 83 68 39 0 16 5 12 7 0 0 1 0 3 3
1613947153 226 103 89 78 97 125 83 68 39 0 16 5 12 7 0 0 1 0 3 3
1614088260 226 103 89 78 98 125 83 68 39 0 16 5 12 7 0 0 1 0 3 3
1614093964 226 103 89 78 99 125 83 68 39 0 16 5 12 7 0 0 1 0 3 3
1614191399 226 103 89 78 100 125 83 68 39 0 16 5 12 7 0 0 1 0 3 3
1614192763 226 103 89 78 101 125 83 68 39 0 16 5 12 7 0 0 1 0 3 3
1614338974 226 104 89 78 101 125 83 68 39 0 16 5 12 7 0 0 1 0 3 3
1614351458 226 105 89 78 101 125 83 68 39 0 16 5 12 7 0 0 1 0 3 3
1614615490 226 106 89 78 101 125 83 68 39 0 16 5 12 7 0 0 1 0 3 3
1614615683 226 107 89 78 101 125 83 68 39 0 16 5 12 7 0 0 1 0 3 3
1614615743 226 108 89 78 101 125 83 68 39 0 16 5 12 7 0 0 1 0 3 3
1614618728 226 109 89 78 101 125 83 68 39 0 16 5 12 7 0 0 1 0 3 3
1614622072 226 110 89 78 101 125 83 68 39 0 16 5 12 7 0 0 1 0 3 3
1614694818 226 110 89 78 101 125 83 69 39 0 16 5 12 7 0 0 1 0 3 3
1614694879 226 110 89 78 101 125 83 70 39 0 16 5 12 7 0 0 1 0 3 3
1614695632 226 110 89 78 101 125 83 71 39 0 16 5 12 7 0 0 1 0 3 3
1615283825 226 110 89 79 101 125 83 71 39 0 16 5 12 7 0 0 1 0 3 3
1615326325 226 110 89 80 101 125 83 71 39 0 16 5 12 7 0 0 1 0 3 3
1615326436 226 110 89 81 101 125 83 71 39 0 16 5 12 7 0 0 1 0 3 3
1615367097 226 110 89 82 101 125 83 71 39 0 16 5 12 7 0 0 1 0 3 3
1615368481 226 111 89 82 101 125 83 71 39 0 16 5 12 7 0 0 1 0 3 3
1615368770 226 111 89 82 101 125 84 71 39 0 16 5 12 7 0 0 1 0 3 3
1615369283 226 112 89 83 101 125 84 71 39 0 16 5 12 7 0 0 1 0 3 3
1615369553 226 112 89 84 101 125 84 71 39 0 16 5 12 7 0 0 1 0 3 3
1615371375 226 112 89 85 101 125 84 71 39 0 16 5 12 7 0 0 1 0 3 3
1615375683 226 112 89 86 101 125 84 71 39 0 16 5 12 7 0 0 1 0 3 3
1615418257 226 112 89 87 101 125 84 71 39 0 16 5 12 7 0 0 1 0 3 3
1615418451 226 112 89 88 101 125 84 71 39 0 16 5 12 7 0 0 1 0 3 3
1615418470 226 112 89 89 101 125 84 71 39 0 16 5 12 7 0 0 1 0 3 3
1615418514 226 112 89 90 101 125 84 71 39 0 16 5 12 7 0 0 1 0 3 3
1615418601 226 112 89 91 101 125 84 71 39 0 16 5 12 7 0 0 1 0 3 3
1615418637 226 112 89 92 101 125 84 71 39 0 16 5 12 7 0 0 1 0 3 3
1615418783 226 112 89 93 101 125 84 71 39 0 16 5 12 7 0 0 1 0 3 3
1615418882 226 112 89 94 101 125 84 71 39 0 16 5 12 7 0 0 1 0 3 3
1615418903 226 112 89 95 101 125 84 71 39 0 16 5 12 7 0 0 1 0 3 3
1615418945 226 112 89 96 101 125 84 71 39 0 16 5 12 7 0 0 1 0 3 3
1615418971 226 112 89 97 101 125 84 71 39 0 16 5 12 7 0 0 1 0 3 3
1615418976 226 112 89 98 101 125 84 71 39 0 16 5 12 7 0 0 1 0 3 3
1615418995 226 112 89 99 101 125 84 71 39 0 16 5 12 7 0 0 1 0 3 3
1615419121 226 112 89 100 101 125 84 71 39 0 16 5 12 7 0 0 1 0 3 3
1615424762 226 112 89 101 101 125 84 71 39 0 16 5 12 7 0 0 1 0 3 3
1615447277 226 112 90 101 101 125 84 71 39 0 16 5 12 7 0 0 1 0 3 3
1615448765 226 112 90 102 101 125 84 71 39 0 16 5 12 7 0 0 1 0 3 3
1615448771 226 112 90 103 101 125 84 71 39 0 16 5 12 7 0 0 1 0 3 3
1615448789 226 112 90 104 101 125 84 71 39 0 16 5 12 7 0 0 1 0 3 3
1615448870 226 112 90 105 101 125 84 71 39 0 16 5 12 7 0 0 1 0 3 3
1615448880 226 112 90 106 101 125 84 71 39 0 16 5 12 7 0 0 1 0 3 3
1615448900 226 112 90 107 101 125 84 71 39 0 16 5 12 7 0 0 1 0 3 3
1615448910 226 112 90 108 101 125 84 71 39 0 16 5 12 7 0 0 1 0 3 3
1615450293 226 112 90 109 101 125 84 71 39 0 16 5 12 7 0 0 1 0 3 3
1615450458 226 112 90 110 101 125 84 71 39 0 16 5 12 7 0 0 1 0 3 3
1615450761 226 112 90 111 101 125 84 71 39 0 16 5 12 7 0 0 1 0 3 3
1615451163 226 112 90 112 101 125 84 71 39 0 16 5 12 7 0 0 1 0 3 3
1615451339 226 112 90 113 101 125 84 71 39 0 16 5 12 7 0 0 1 0 3 3
1615451592 226 112 90 114 101 125 84 71 39 0 16 5 12 7 0 0 1 0 3 3
1615451903 226 112 90 115 101 125 84 71 39 0 16 5 12 7 0 0 1 0 3 3
1615452047 226 112 90 116 101 125 84 71 39 0 16 5 12 7 0 0 1 0 3 3
1615452532 226 112 90 117 101 125 84 71 39 0 16 5 12 7 0 0 1 0 3 3
1615452863 226 112 90 118 101 125 84 71 39 0 16 5 12 7 0 0 1 0 3 3
1615464168 226 112 90 119 101 125 84 71 39 0 16 5 12 7 0 0 1 0 3 3
1615535829 226 113 90 120 101 125 84 71 39 0 16 5 12 7 0 0 1 0 3 3
1615555805 226 114 90 120 101 125 84 71 39 0 16 5 12 7 0 0 1 0 3 3
1615559360 226 115 90 120 101 125 84 71 39 0 16 5 12 7 0 0 1 0 3 3
1615560455 226 116 90 120 101 125 84 71 39 0 16 5 12 7 0 0 1 0 3 3
1615560621 226 117 90 120 101 125 84 71 39 0 16 5 12 7 0 0 1 0 3 3
1615561992 226 118 90 120 101 125 84 71 39 0 16 5 12 7 0 0 1 0 3 3
1615562579 226 119 90 120 101 125 84 71 39 0 16 5 12 7 0 0 1 0 3 3
1615815977 226 120 90 120 101 125 84 71 39 0 16 5 12 7 0 0 1 0 3 3
1615839907 226 120 90 120 101 125 84 71 39 0 16 6 12 7 0 0 1 0 3 3
1615839964 226 120 90 120 101 125 84 71 39 0 16 7 12 7 0 0 1 0 3 3
1615839980 226 120 90 120 101 125 84 71 39 0 16 8 12 7 0 0 1 0 3 3
1615839993 226 120 90 120 101 125 84 71 39 0 16 9 12 7 0 0 1 0 3 3
1615840006 226 120 90 120 101 125 84 71 39 0 16 10 12 7 0 0 1 0 3 3
1615840019 226 120 90 120 101 125 84 71 39 0 16 11 12 7 0 0 1 0 3 3
1615840030 226 120 90 120 101 125 84 71 39 0 16 12 12 7 0 0 1 0 3 3
1615840040 226 120 90 120 101 125 84 71 39 0 16 13 12 7 0 0 1 0 3 3
1615852172 226 120 90 120 101 125 84 71 39 0 16 14 12 7 0 0 1 0 3 3
1615903275 226 121 90 120 101 125 84 71 39 0 16 14 12 7 0 0 1 0 3 3
1615916220 226 122 90 120 101 125 84 71 39 0 16 14 12 7 0 0 1 0 3 3
1616064612 226 122 91 120 101 125 84 71 39 0 16 14 12 7 0 0 1 0 3 3
1616093157 226 123 91 120 101 125 84 71 39 0 16 14 12 7 0 0 1 0 3 3
1616420730 226 124 91 120 101 125 84 71 39 0 16 14 12 7 0 0 1 0 3 3
1616423614 226 125 91 120 101 125 84 71 39 0 16 14 12 7 0 0 1 0 3 3
1616424681 226 126 91 120 101 125 84 71 39 0 16 14 12 7 0 0 1 0 3 3
1616428026 226 127 91 120 101 125 84 71 39 0 16 14 12 7 0 0 1 0 3 3
1616430737 226 128 91 120 101 125 84 71 39 0 16 14 12 7 0 0 1 0 3 3
1616431297 226 129 91 120 101 125 84 71 39 0 16 14 12 7 0 0 1 0 3 3
1616578447 226 129 91 120 101 125 84 71 39 0 16 14 12 7 0 0 1 0 3 3
1616579393 226 129 91 120 101 125 84 72 39 0 16 14 12 7 0 0 1 0 3 3
1616607398 226 129 91 120 101 125 84 74 39 0 16 14 12 7 0 0 1 0 3 3
1616607939 226 129 91 120 101 125 84 75 39 0 16 14 12 7 0 0 1 0 3 3
1616608187 226 129 91 120 101 125 84 76 39 0 16 14 12 7 0 0 1 0 3 3
1616665423 226 129 91 120 101 125 84 77 39 0 16 14 12 7 0 0 1 0 3 3
1616698118 226 129 91 120 101 125 84 78 39 0 16 14 12 7 0 0 1 0 3 3
1616746489 226 129 91 120 101 125 84 78 39 0 16 14 12 7 1 0 1 0 3 3
1616746621 226 129 91 120 101 125 84 78 39 0 16 14 12 7 2 0 1 0 3 3
1616746754 226 129 91 120 101 125 84 78 39 0 16 14 12 7 3 0 1 0 3 3
1616747093 226 129 91 120 101 125 84 78 39 0 16 14 12 7 4 0 1 0 3 3
1616747112 226 129 91 120 101 125 84 78 39 0 16 14 12 7 5 0 1 0 3 3
1616747288 226 129 91 120 101 125 84 78 39 0 16 14 12 7 6 0 1 0 3 3
1617014746 226 129 91 120 101 125 84 78 39 0 16 14 12 7 6 0 1 1 3 3
1617014990 226 129 91 120 101 125 84 78 39 0 16 14 12 7 6 0 1 2 3 3
1617015039 226 129 91 120 101 125 84 78 39 0 16 14 12 7 6 0 1 3 3 3
1617015176 226 129 91 120 101 125 84 78 39 0 16 14 12 7 6 0 1 4 3 3
1617027250 227 129 91 120 101 125 84 78 39 0 16 14 12 7 6 0 1 4 3 3
1617274661 227 129 91 120 101 125 85 78 39 0 16 14 12 7 6 0 1 4 3 3
1617297003 228 129 91 120 101 125 85 78 39 0 16 14 12 7 6 0 1 4 3 3
1617824072 229 129 91 120 101 125 85 78 39 0 16 14 12 7 6 0 1 4 3 3
1617824923 230 129 91 120 101 125 85 78 39 0 16 14 12 7 6 0 1 4 3 3
1617878278 231 129 91 120 101 125 85 78 39 0 16 14 12 7 6 0 1 4 3 3
1617882690 232 129 91 120 101 125 85 78 39 0 16 14 12 7 6 0 1 4 3 3
1617883313 232 130 91 120 101 125 85 78 39 0 16 14 12 7 6 0 1 4 3 3
1617890218 233 130 91 120 101 125 85 78 39 0 16 14 12 7 6 0 1 4 3 3
1617906608 233 130 91 120 101 125 85 78 39 1 16 14 12 7 6 0 1 4 3 3
1617976566 233 130 91 120 101 125 85 78 39 2 16 14 12 7 6 0 1 4 3 3
1618230539 233 130 91 120 101 125 86 78 39 2 16 14 12 7 6 0 1 4 3 3
1618264806 233 130 91 121 101 125 86 78 39 2 16 14 12 7 6 0 1 4 3 3
1618310578 233 131 91 121 101 125 86 78 39 2 16 14 12 7 6 0 1 4 3 3
1618310837 233 132 91 121 101 125 86 78 39 2 16 14 12 7 6 0 1 4 3 3
1618312446 233 133 91 121 101 125 86 78 39 2 16 14 12 7 6 0 1 4 3 3
1618326616 233 133 91 121 101 125 86 79 39 2 16 14 12 7 6 0 1 4 3 3
1618334610 233 134 91 121 101 125 86 79 39 2 16 14 12 7 6 0 1 4 3 3
1618496435 233 134 91 121 101 125 86 79 39 3 16 14 12 7 6 0 1 4 3 3
1618503505 233 135 91 121 101 125 86 79 39 3 16 14 12 7 6 0 1 4 3 3
1618512197 233 135 91 121 101 125 86 79 39 4 16 14 12 7 6 0 1 4 3 3
1618560788 233 135 91 121 101 125 86 80 39 4 16 14 12 7 6 0 1 4 3 3
1618589149 233 136 91 121 101 125 86 80 39 4 16 14 12 7 6 0 1 4 3 3
1618855286 233 136 91 121 102 125 86 80 39 4 16 14 12 7 6 0 1 4 3 3
1618855715 233 136 91 121 102 125 86 80 39 5 16 14 12 7 6 0 1 4 3 3
1618857617 233 136 91 121 102 125 86 80 39 6 16 14 12 7 6 0 1 4 3 3
1618922993 233 136 92 121 102 125 86 80 39 6 16 14 12 7 6 0 1 4 3 3
1619010020 233 137 92 121 102 125 86 80 39 6 16 14 12 7 6 0 1 4 3 3
1619020098 233 138 92 121 102 125 86 80 39 6 16 14 12 7 6 0 1 4 3 3
1619026722 233 139 92 121 102 125 86 80 39 6 16 14 12 7 6 0 1 4 3 3
1619031192 233 140 92 121 102 125 86 80 39 6 16 14 12 7 6 0 1 4 3 3
1619038458 233 140 92 121 102 125 86 80 39 7 16 14 12 7 6 0 1 4 3 3
1619038486 233 140 92 121 102 125 86 80 39 8 16 14 12 7 6 0 1 4 3 3
1619045743 233 140 92 121 102 125 86 80 39 9 16 14 12 7 6 0 1 4 3 3
1619048813 233 140 92 121 102 125 86 80 39 10 16 14 12 7 6 0 1 4 3 3
1619078814 233 140 93 121 102 125 86 80 39 10 16 14 12 7 6 0 1 4 3 3
1619085169 233 140 94 121 102 125 86 81 39 10 16 14 12 7 6 0 1 4 3 3
1619092460 233 140 95 121 102 125 86 81 39 10 16 14 12 7 6 0 1 4 3 3
1619099169 233 140 95 121 102 125 86 81 39 11 16 14 12 7 6 0 1 4 3 3
1619102940 233 140 95 121 102 125 86 81 39 12 16 14 12 7 6 0 1 4 3 3
1619104638 233 140 95 121 102 125 86 81 39 13 16 14 12 7 6 0 1 4 3 3
1619117911 233 141 95 121 102 125 86 81 39 13 16 14 12 7 6 0 1 4 3 3
1619422643 233 141 95 121 102 125 87 81 39 13 16 14 12 7 6 0 1 4 3 3
1619423190 233 141 96 121 102 125 87 81 39 13 16 14 12 7 6 0 1 4 3 3
1619425654 233 141 96 121 102 125 88 81 39 13 16 14 12 7 6 0 1 4 3 3
1619488912 233 141 96 121 102 125 88 81 39 13 16 14 12 7 6 0 1 4 3 3
1619514829 233 141 96 121 102 125 88 81 39 13 16 14 12 7 6 0 1 4 3 3
1619598279 234 141 96 121 102 125 88 81 39 13 16 14 12 7 6 0 1 4 3 3
1619601309 234 141 97 121 102 125 88 81 39 13 16 14 12 7 6 0 1 4 3 3
1619603101 234 141 97 121 103 125 88 81 39 13 16 14 12 7 6 0 1 4 3 3
1619617501 234 141 98 121 103 125 88 81 39 13 16 14 12 7 6 0 1 4 3 3
1619641213 234 141 98 121 103 125 88 81 39 14 16 14 12 7 6 0 1 4 3 3
1619644133 234 141 98 121 103 125 88 81 39 15 16 14 12 7 6 0 1 4 3 3
1619721185 234 141 98 121 103 125 88 81 39 16 16 14 12 7 6 0 1 4 3 3
1619774567 235 141 98 121 103 125 89 81 39 16 16 14 12 7 6 0 1 4 3 3
1619775093 235 142 98 121 103 125 89 81 39 16 16 14 12 7 6 0 1 4 3 3
1619775443 235 143 98 121 103 125 89 81 39 16 16 14 12 7 6 0 1 4 3 3
1619775467 235 143 98 121 104 125 89 81 39 16 16 14 12 7 6 0 1 4 3 3
1619776319 235 144 98 121 104 125 89 81 39 16 16 14 12 7 6 0 1 4 3 3
1619776677 235 145 98 121 104 125 89 81 39 16 16 14 12 7 6 0 1 4 3 3
1619777535 235 145 98 121 105 125 89 81 39 16 16 14 12 7 6 0 1 4 3 3
1619778579 235 146 98 121 105 125 89 81 39 16 16 14 12 7 6 0 1 4 3 3
1619778736 236 146 98 121 105 125 89 81 39 16 16 14 12 7 6 0 1 4 3 3
1619778836 236 147 98 121 105 125 89 81 39 16 16 14 12 7 6 0 1 4 3 3
1619779136 236 148 98 121 105 125 89 81 39 16 16 14 12 7 6 0 1 4 3 3
1619779506 237 148 98 121 105 125 89 81 39 16 16 14 12 7 6 0 1 4 3 3
1619814758 237 148 98 121 106 125 89 81 39 16 16 14 12 7 6 0 1 4 3 3
1619870624 237 148 98 121 107 125 89 81 39 16 16 14 12 7 6 0 1 4 3 3
1619870638 237 148 98 121 108 125 89 81 39 16 16 14 12 7 6 0 1 4 3 3
1619873558 237 148 98 121 108 125 90 81 39 16 16 14 12 7 6 0 1 4 3 3
1620029743 237 148 99 121 108 125 90 81 39 16 16 14 12 7 6 0 1 4 3 3
1620035873 237 148 99 121 109 125 90 81 39 16 16 14 12 7 6 0 1 4 3 3
1620035885 237 148 99 121 110 125 90 81 39 16 16 14 12 7 6 0 1 4 3 3
1620035889 237 148 100 121 111 125 90 81 39 16 16 14 12 7 6 0 1 4 3 3
1620048387 237 148 100 121 112 125 90 81 39 16 16 14 12 7 6 0 1 4 3 3
1620048398 237 148 101 121 113 125 90 81 39 16 16 14 12 7 6 0 1 4 3 3
1620048891 237 148 101 121 113 125 90 81 39 17 16 14 12 7 6 0 1 4 3 3
1620070330 237 148 101 121 113 125 90 81 39 18 16 14 12 7 6 0 1 4 3 3
1620083010 237 148 101 121 113 125 90 81 39 19 16 14 12 7 6 0 1 4 3 3
1620120365 237 148 101 121 113 125 90 82 39 19 16 14 12 7 6 0 1 4 3 3
1620121821 237 148 101 121 113 125 90 83 39 19 16 14 12 7 6 0 1 4 3 3
1620123155 237 148 101 121 113 125 90 84 39 19 16 14 12 7 6 0 1 4 3 3
1620123221 237 148 101 121 113 125 90 85 39 19 16 14 12 7 6 0 1 4 3 3
1620123455 237 148 101 121 113 125 90 86 39 19 16 14 12 7 6 0 1 4 3 3
1620132067 237 148 101 121 113 125 90 87 39 19 16 14 12 7 6 0 1 4 3 3
1620141411 237 148 101 121 113 125 90 88 39 19 16 14 12 7 6 0 1 4 3 3
1620142244 237 148 101 121 113 125 91 88 39 19 16 14 12 7 6 0 1 4 3 3
1620210291 237 148 101 121 113 125 92 88 39 19 16 14 12 7 6 0 1 4 3 3
1620213568 237 148 101 121 114 125 92 88 39 19 16 14 12 7 6 0 1 4 3 3
1620222082 237 148 101 121 114 125 92 88 39 20 16 14 12 7 6 0 1 4 3 3
1620222413 237 148 101 121 115 125 92 88 39 20 16 14 12 7 6 0 1 4 3 3
1620222641 237 148 101 121 116 125 92 88 39 20 16 14 12 7 6 0 1 4 3 3
1620222649 237 148 101 121 117 125 92 88 39 20 16 14 12 7 6 0 1 4 3 3
1620222966 238 148 101 121 117 125 92 88 39 20 16 14 12 7 6 0 1 4 3 3
1620223584 238 148 101 121 117 125 92 88 39 21 16 14 12 7 6 0 1 4 3 3
1620227088 238 149 101 121 117 125 92 88 39 21 16 14 12 7 6 0 1 4 3 3
1620228190 238 150 101 121 117 125 92 88 39 21 16 14 12 7 6 0 1 4 3 3
1620235996 238 150 101 121 117 125 93 88 39 21 16 14 12 7 6 0 1 4 3 3
1620237285 238 150 101 121 117 125 94 88 39 21 16 14 12 7 6 0 1 4 3 3
1620298571 239 150 101 121 117 125 94 88 39 21 16 14 12 7 6 0 1 4 3 3
1620373016 239 150 102 121 117 125 94 88 39 21 16 14 12 7 6 0 1 4 3 3
1620373194 239 150 103 121 117 125 94 88 39 21 16 14 12 7 6 0 1 4 3 3
1620486815 239 150 103 121 117 125 94 88 39 21 16 14 12 7 6 1 1 4 3 3
1620646935 239 150 104 121 117 125 94 88 39 21 16 14 12 7 6 1 1 4 3 3
1620648028 239 150 105 121 117 125 94 88 39 21 16 14 12 7 6 1 1 4 3 3
1620650231 239 150 106 121 117 125 94 88 39 21 16 14 12 7 6 1 1 4 3 3
1620653480 239 150 107 121 117 125 94 88 39 21 16 14 12 7 6 1 1 4 3 3
1620804839 239 150 107 121 118 125 94 88 39 21 16 14 12 7 6 1 1 4 3 3
1620818924 239 150 108 121 118 125 94 88 39 21 16 14 12 7 6 1 1 4 3 3
1620821414 239 150 109 121 118 125 94 88 39 21 16 14 12 7 6 1 1 4 3 3
1620821492 239 150 110 121 118 125 94 88 39 21 16 14 12 7 6 1 1 4 3 3
1620821654 239 150 111 121 118 125 94 88 39 21 16 14 12 7 6 1 1 4 3 3
1620823807 239 150 112 121 118 125 94 88 39 21 16 14 12 7 6 1 1 4 3 3
1620824621 239 150 113 121 118 125 94 88 39 21 16 14 12 7 6 1 1 4 3 3
1620824792 239 150 114 121 118 125 94 88 39 21 16 14 12 7 6 1 1 4 3 3
1620827025 239 150 115 121 118 125 94 88 39 21 16 14 12 7 6 1 1 4 3 3
1620828032 239 150 116 121 118 125 94 88 39 21 16 14 12 7 6 1 1 4 3 3
1620842192 240 150 116 121 118 125 94 88 39 21 16 14 12 7 6 1 1 4 3 3
1620842363 241 150 116 121 118 125 94 88 39 21 16 14 12 7 6 1 1 4 3 3
1620908821 242 150 116 121 118 125 94 88 39 21 16 14 12 7 6 1 1 4 3 3
1620925051 242 150 116 121 118 125 94 88 39 22 16 14 12 7 6 1 1 4 3 3
1620979657 242 150 116 121 119 125 94 88 39 22 16 14 12 7 6 1 1 4 3 3
1620983340 242 150 117 121 119 125 94 88 39 22 16 14 12 7 6 1 1 4 3 3
1620984121 242 150 118 121 119 125 94 88 39 22 16 14 12 7 6 1 1 4 3 3
1620984314 242 150 119 121 119 125 94 88 39 22 16 14 12 7 6 1 1 4 3 3
1620990509 242 150 120 121 119 125 94 88 39 22 16 14 12 7 6 1 1 4 3 3
1621240483 242 150 121 121 119 125 94 88 39 22 16 14 12 7 6 1 1 4 3 3
1621250096 242 150 121 121 119 125 94 88 39 22 16 14 12 7 6 1 1 4 3 3
1621324825 243 150 121 121 119 125 94 88 39 22 16 14 12 7 6 1 1 4 3 3
1621367656 243 150 121 121 119 125 94 89 39 22 16 14 12 7 6 1 1 4 3 3
1621370053 243 150 121 121 119 125 94 90 39 22 16 14 12 7 6 1 1 4 3 3
1621414174 243 150 124 122 119 125 94 90 39 22 16 14 12 7 6 1 1 4 3 3
1621422850 243 150 125 122 119 125 94 90 39 22 16 14 12 7 6 1 1 4 3 3
1621425478 243 150 126 122 119 125 94 90 39 22 16 14 12 7 6 1 1 4 3 3
1621436014 243 150 126 122 119 125 94 91 39 22 16 14 12 7 6 1 1 4 3 3
1621441459 243 150 126 122 119 125 94 91 39 23 16 14 12 7 6 1 1 4 3 3
1621446952 243 150 126 122 119 125 94 91 39 24 16 14 12 7 6 1 1 4 3 3
1621496481 243 150 127 122 119 125 94 91 39 24 16 14 12 7 6 1 1 4 3 3
1621501958 243 150 127 122 119 125 94 92 39 24 16 14 12 7 6 1 1 4 3 3
1621508529 243 150 127 123 119 125 94 92 39 24 16 14 12 7 6 1 1 4 3 3
1621953990 243 150 127 123 119 125 94 92 39 25 16 14 12 7 6 1 1 4 3 3
1621970385 243 150 127 123 119 125 94 92 39 25 16 14 12 7 6 1 1 4 3 3
1622015517 243 150 128 123 119 125 94 93 39 25 16 14 12 7 6 1 1 4 3 3
1622038736 243 150 128 123 119 125 94 93 39 26 16 14 12 7 6 1 1 4 3 3
1622103044 243 150 129 123 119 125 94 93 39 26 16 14 12 7 6 1 1 4 3 3
1622117357 243 150 130 123 119 125 94 93 39 26 16 14 12 7 6 4 1 4 3 3
1622137388 243 150 130 123 119 125 94 93 39 26 16 14 12 7 6 5 1 4 3 3
1622139835 243 150 130 123 119 125 94 93 39 26 16 14 12 7 6 6 1 4 3 3
1622280053 243 150 130 123 119 125 94 93 39 26 16 14 12 7 6 6 1 4 3 3
1622441411 243 150 131 123 119 125 94 93 39 26 16 14 12 7 6 6 1 4 3 3
1622645000 243 150 131 123 119 125 95 93 39 26 16 14 12 7 6 6 1 4 3 3
1622702294 243 150 132 123 119 125 95 93 39 26 16 14 12 7 6 6 1 4 3 3
1622702687 243 150 133 123 119 125 95 93 39 26 16 14 12 7 6 6 1 4 3 3
1622710869 243 150 133 123 120 125 95 93 39 26 16 14 12 7 6 6 1 4 3 3
1622720757 243 150 133 123 121 125 95 93 39 26 16 14 12 7 6 6 1 4 3 3
1622721829 243 150 133 123 122 125 95 93 39 26 16 14 12 7 6 6 1 4 3 3
1622722592 243 150 133 123 123 125 95 93 39 26 16 14 12 7 6 6 1 4 3 3
1622724395 243 150 133 123 124 125 95 93 39 26 16 14 12 7 6 6 1 4 3 3
1622727017 243 150 133 123 125 125 95 93 39 26 16 14 12 7 6 6 1 4 3 3
1622736966 243 150 133 123 125 125 96 93 39 26 16 14 12 7 6 6 1 4 3 3
1622738556 243 150 133 123 125 125 97 93 39 26 16 14 12 7 6 6 1 4 3 3
1622741054 243 150 133 123 126 125 97 93 39 26 16 14 12 7 6 6 1 4 3 3
1622790128 243 150 134 123 126 125 97 93 39 26 16 14 12 7 6 6 1 4 3 3
1622819973 243 150 134 123 126 125 98 93 39 26 16 14 12 7 6 6 1 4 3 3
1623295554 243 150 134 123 126 125 98 93 39 26 16 14 12 7 6 6 1 4 3 3
1623399979 244 150 134 123 126 125 98 93 39 26 16 14 12 7 6 6 1 4 3 3
1623422496 244 151 134 123 126 125 98 93 39 26 16 14 12 7 6 6 1 4 3 3
1623660835 244 151 134 123 126 125 98 93 39 26 16 14 12 7 6 6 1 4 3 3
1623757188 244 151 134 123 126 125 99 93 39 26 16 14 12 7 6 6 1 4 3 3
1623757603 244 151 134 123 126 125 100 93 39 26 16 14 12 7 6 6 1 4 3 3
1623776405 244 151 134 123 126 125 101 93 39 26 16 14 12 7 6 6 1 4 3 3
1623779770 244 151 134 123 126 125 101 93 39 26 16 14 12 7 6 6 1 4 3 3
1623812677 244 151 134 123 126 125 101 93 39 26 16 14 12 7 6 6 1 4 3 3
1623825046 244 151 134 123 126 125 102 93 39 26 16 14 12 7 6 6 1 4 3 3
1623832729 245 151 134 123 126 125 102 93 39 26 16 14 12 7 6 6 1 4 3 3
1623834999 245 151 134 123 126 125 103 93 39 26 16 14 12 7 6 6 1 4 3 3
1623838606 245 152 134 123 126 125 103 93 39 26 16 14 12 7 6 6 1 4 3 3
1623839766 245 153 134 123 126 125 103 93 39 26 16 14 12 7 6 6 1 4 3 3
1623843378 245 153 134 123 126 125 104 93 39 26 16 14 12 7 6 6 1 4 3 3
1623864505 245 153 134 123 126 125 105 93 39 26 16 14 12 7 6 6 1 4 3 3
1623864906 245 153 134 125 126 125 105 93 39 26 16 14 12 7 6 6 1 4 3 3
1623865065 245 153 134 126 126 125 105 93 39 26 16 14 12 7 6 6 1 4 3 3
1623882326 245 153 134 127 126 125 105 93 39 26 16 14 12 7 6 6 1 4 3 3
1623882639 245 153 134 128 126 125 105 93 39 26 16 14 12 7 6 6 1 4 3 3
1623883131 245 153 134 129 126 125 105 93 39 26 16 14 12 7 6 6 1 4 3 3
1623883395 245 153 134 130 126 125 105 93 39 26 16 14 12 7 6 6 1 4 3 3
1623883809 245 153 134 131 126 125 105 93 39 26 16 14 12 7 6 6 1 4 3 3
1623886760 245 153 134 132 126 125 105 93 39 26 16 14 12 7 6 6 1 4 3 3
1623913346 245 153 134 133 126 125 105 93 39 26 16 14 12 7 6 6 1 4 3 3
1623915088 245 153 134 134 126 125 105 93 39 26 16 14 12 7 6 6 1 4 3 3
1623918733 245 153 134 135 126 125 105 93 39 26 16 14 12 7 6 6 1 4 3 3
1623923018 246 153 134 135 126 125 105 93 39 26 16 14 12 7 6 6 1 4 3 3
1623926826 246 153 134 135 126 125 106 93 39 26 16 14 12 7 6 6 1 4 3 3
1624006308 246 154 134 135 126 125 106 93 39 26 16 14 12 7 6 6 1 4 3 3
1624006815 246 155 134 135 126 125 106 93 39 26 16 14 12 7 6 6 1 4 3 3
1624007367 246 156 134 135 126 125 106 93 39 26 16 14 12 7 6 6 1 4 3 3
1624014284 246 157 134 135 126 125 106 93 39 26 16 14 12 7 6 6 1 4 3 3
1624375703 246 157 134 135 126 125 106 93 39 26 16 14 12 7 6 6 2 4 3 3
1624379676 246 157 134 135 126 125 106 93 39 26 16 14 12 7 6 6 3 4 3 3
1624379831 246 157 134 135 126 125 106 93 39 26 16 14 12 7 6 6 4 4 3 3
1624431045 246 157 134 135 126 125 106 93 39 26 16 14 12 7 6 6 5 4 3 3
1624639500 246 157 134 135 126 125 106 93 39 26 16 14 12 7 6 6 5 4 3 3
1624640825 248 157 134 135 126 125 106 93 39 26 16 14 12 7 6 6 5 4 3 3
1624867854 249 157 134 135 126 125 106 93 39 26 16 14 12 7 6 6 5 4 3 3
1624962338 249 158 134 135 126 125 106 93 39 26 16 14 12 7 6 6 5 4 3 3
1624962843 249 159 134 135 126 125 106 93 39 26 16 14 12 7 6 6 5 4 3 3
1624963643 249 160 134 135 126 125 106 93 39 26 16 14 12 7 6 6 5 4 3 3
1624971878 249 161 134 135 126 125 106 93 39 26 16 14 12 7 6 6 5 4 3 3
1625084895 250 161 134 135 126 125 106 93 39 26 16 14 12 7 6 6 5 4 3 3
1625133097 251 161 134 135 126 125 106 93 39 26 16 14 12 7 6 6 5 4 3 3
1625165239 251 162 134 135 126 125 106 93 39 26 16 14 12 7 6 6 5 4 3 3
1625663929 251 163 134 135 126 125 106 93 39 26 16 14 12 7 6 6 5 4 3 3
1625666306 251 164 134 135 126 125 106 93 39 26 16 14 12 7 6 6 5 4 3 3
1625751038 251 165 134 135 126 125 106 93 39 26 16 14 12 7 6 6 5 4 3 3
1625836963 251 166 134 135 126 125 106 93 39 26 16 14 12 7 6 6 5 4 3 3
1625840406 251 167 134 135 126 125 106 93 39 26 16 14 12 7 6 6 5 4 3 3
1626093695 251 168 134 135 126 125 106 93 39 26 16 14 12 7 6 6 5 4 3 3
1626095902 251 169 134 135 126 125 106 93 39 26 16 14 12 7 6 6 5 4 3 3
1626173593 251 169 134 135 127 125 106 93 39 26 16 14 12 7 6 6 5 4 3 3
1626174389 251 169 134 135 127 125 107 93 39 26 16 14 12 7 6 6 5 4 3 3
1626254427 251 170 134 135 127 125 107 93 39 26 16 14 12 7 6 6 5 4 3 3
1626283091 251 171 134 135 127 125 107 93 39 26 16 14 12 7 6 6 5 4 3 3
1626284144 251 172 134 135 127 125 107 93 39 26 16 14 12 7 6 6 5 4 3 3
1626286521 251 173 134 135 127 125 107 93 39 26 16 14 12 7 6 6 5 4 3 3
1626434108 251 173 134 135 127 125 108 93 39 26 16 14 12 7 6 6 5 4 3 3
1626442267 251 173 135 135 127 125 108 93 39 26 16 14 12 7 6 6 5 4 3 3
1626442300 251 173 136 135 127 125 108 93 39 26 16 14 12 7 6 6 5 4 3 3
1626444490 251 173 137 135 127 125 108 93 39 26 16 14 12 7 6 6 5 4 3 3
