1567435584 0 0 0 0 0 0 0 0 0 0 0 0 0 0 0 0 0 0 0 0
1568814087 0 0 0 0 2962 0 0 0 0 0 0 0 0 0 0 0 0 0 0 0
1568827939 0 0 0 0 2962 0 0 0 0 0 0 0 5 0 0 0 0 0 0 0
1568908147 0 0 0 0 2962 0 0 0 0 0 0 0 597 0 0 0 0 0 0 0
1568990409 0 0 0 0 2986 0 0 0 0 0 0 0 597 0 0 0 0 0 0 0
1568991318 0 0 0 0 2986 0 0 0 0 0 0 0 597 0 0 0 0 0 0 0
1568991501 0 0 0 0 3015 0 0 0 0 0 0 0 597 0 0 0 0 0 0 0
1569235458 0 0 0 0 3047 0 0 0 0 0 0 0 597 0 0 0 0 0 0 0
1569242794 0 0 0 0 3339 0 0 0 0 0 0 0 608 0 0 0 0 0 0 0
1569314769 0 0 0 0 3386 0 0 0 0 0 0 0 608 0 0 0 0 0 0 0
1569339578 0 0 0 0 3386 0 0 0 0 0 0 0 627 0 0 0 0 0 0 0
1569442267 0 0 0 0 3576 0 0 0 0 0 0 0 627 0 0 0 0 0 0 0
1569514305 0 0 0 0 3576 0 0 0 0 0 0 0 627 0 0 0 0 0 0 0
1569590476 0 0 0 0 3576 0 0 0 0 0 0 0 666 0 0 0 0 0 0 0
1570100933 0 0 0 0 3576 0 0 0 0 0 0 0 666 0 0 0 0 0 0 78
1570101011 0 0 0 0 3576 0 0 0 0 0 0 0 666 0 0 0 0 0 0 83
1570193887 127 0 0 0 3576 0 0 0 0 0 0 0 666 0 0 0 0 0 0 83
1570618010 127 0 0 0 3576 0 0 0 0 0 0 0 666 0 0 0 0 0 0 97
1570623964 253 0 0 0 3576 0 0 0 0 0 0 0 1064 0 0 0 0 0 0 97
1570702810 294 0 0 0 3576 0 0 0 0 0 0 0 1064 0 0 0 0 0 0 97
1570707099 314 0 0 0 3576 0 0 0 0 0 0 0 1064 0 0 0 0 0 0 97
1570711472 314 0 0 0 3577 0 0 0 0 0 0 0 1064 0 0 0 0 0 0 97
1570712550 314 0 0 0 3577 0 0 0 0 0 0 0 1064 0 0 0 0 0 0 97
1570712606 322 0 0 0 3577 0 0 0 0 0 0 0 1064 0 0 0 0 0 0 97
1570717357 354 0 0 0 3577 0 0 0 0 0 0 0 1064 0 0 0 0 0 0 97
1570724919 494 0 0 0 3577 0 0 0 0 0 0 0 1064 0 0 0 0 0 0 97
1570802864 520 0 0 0 3577 0 0 0 0 0 0 0 1064 0 0 0 0 0 0 97
1570809087 520 0 0 0 3577 0 0 0 0 0 0 0 1064 0 0 0 0 0 0 97
1571068229 527 0 0 0 3577 0 0 0 0 0 0 0 1064 0 0 0 0 0 0 97
1571073442 527 0 0 0 3577 0 0 0 0 0 0 0 1080 0 0 0 0 0 0 97
1571139869 528 0 0 0 3577 0 0 0 0 0 0 0 1080 0 0 0 0 0 0 97
1571146850 529 0 0 0 3577 0 0 0 0 0 0 0 1099 0 0 0 0 0 0 97
1571157191 529 0 0 0 3577 0 0 0 0 0 0 0 1099 0 0 0 0 0 0 97
1571222773 748 0 0 0 3577 0 0 0 0 0 0 0 1099 0 0 0 0 0 0 97
1571223605 749 0 0 0 3577 0 0 0 0 0 0 0 1099 0 0 0 0 0 0 97
1571226375 749 0 0 0 3579 0 0 0 0 0 0 0 1099 0 0 0 0 0 0 97
1571226771 834 0 0 0 3579 0 0 0 0 0 0 0 1099 0 0 0 0 0 0 97
1571227482 834 0 0 0 3579 0 0 0 0 0 0 0 1099 0 0 0 0 0 0 97
1571227961 852 0 0 0 3579 0 0 0 0 0 0 0 1099 0 0 0 0 0 0 97
1571228557 852 0 0 0 3579 0 0 0 0 0 0 0 1099 0 0 0 0 0 0 97
1571228593 852 0 0 0 3579 0 0 0 0 0 0 0 1099 0 0 0 0 0 0 97
1571228677 856 0 0 0 3579 0 0 0 0 0 0 0 1099 0 0 0 0 0 0 97
1571332099 870 0 0 0 3579 0 0 0 0 0 0 0 1099 0 0 0 0 0 0 97
1571332397 1362 0 0 0 3579 0 0 0 0 0 0 0 1099 0 0 0 0 0 0 97
1571410450 1417 0 0 0 3579 0 0 0 0 0 0 0 1099 0 0 0 0 0 0 97
1571444681 1550 0 0 0 3579 0 0 0 0 0 0 0 1099 0 0 0 0 0 0 97
1571686066 1550 0 0 0 3579 0 0 0 0 0 0 0 1105 0 0 0 0 0 0 97
1571694347 1552 0 0 0 3579 0 0 0 0 0 0 0 1105 0 0 0 0 0 0 97
1571702349 1552 0 0 0 3579 0 0 0 0 0 0 0 1105 0 0 0 0 0 0 97
1571763639 1552 0 0 0 3579 0 0 0 0 0 0 0 1184 0 0 0 0 0 0 97
1571768418 1552 0 0 0 3579 0 0 0 0 0 0 0 1184 0 0 0 0 0 0 97
1571768512 1552 0 0 0 3579 0 0 0 0 0 0 0 1186 0 0 0 0 0 0 97
1571788091 1569 0 0 0 3579 0 0 0 0 0 0 0 1186 0 0 0 0 0 0 97
1571795583 1571 0 0 0 3579 0 0 0 0 0 0 0 1186 0 0 0 0 0 0 97
1571850249 1571 0 0 0 3579 0 0 0 0 0 0 1 1186 0 0 0 0 0 0 97
1571852680 1571 0 0 0 3579 0 0 0 0 0 0 5 1186 0 0 0 0 0 0 97
1571860747 1571 0 0 0 3579 0 0 0 0 0 0 9 1186 0 0 0 0 0 0 97
1571868617 1571 0 0 0 3579 0 0 0 0 0 0 9 1186 0 0 0 0 0 0 97
1571878849 1571 0 0 0 3579 0 0 0 0 0 0 9 1186 0 0 0 0 0 0 97
1571880094 1572 0 0 0 3579 0 0 0 0 0 0 9 1186 0 0 0 0 0 0 97
1571880266 1572 0 0 0 3579 0 0 0 0 0 0 9 1186 0 0 0 0 0 0 97
1571927194 1723 0 0 0 3579 0 0 0 0 0 0 9 1186 0 0 0 0 0 0 97
1571932324 1723 0 0 0 3579 0 0 0 0 0 0 9 1186 0 0 0 0 0 0 97
1572050417 1723 0 0 0 3579 0 0 0 0 0 0 9 1186 0 0 0 0 0 0 97
1572565840 1723 0 0 0 3579 0 0 0 0 0 0 9 1186 0 0 0 0 0 0 97
1573103861 1737 0 0 0 3579 0 0 0 0 0 0 15 1186 0 0 0 0 0 0 97
1573123208 1749 0 0 0 3579 0 0 0 0 0 0 15 1186 0 0 0 0 0 0 97
1573207431 1751 0 0 0 3579 0 0 0 0 0 0 15 1186 0 0 0 0 0 0 97
1573214715 1842 0 0 0 3579 0 0 0 0 0 0 15 1186 0 0 0 0 0 0 97
1573815449 1843 0 0 0 3579 0 0 0 0 0 0 15 1186 0 0 0 0 0 0 97
1573833043 1847 0 0 0 3579 0 0 0 0 0 0 15 1186 0 0 0 0 0 0 97
1574681674 1847 0 0 0 3579 9 0 0 0 0 0 15 1186 0 0 0 0 0 0 97
1574692054 1851 0 0 0 3579 9 0 0 0 0 0 15 1186 0 0 0 0 0 0 97
1574706657 1851 0 0 0 3579 84 0 0 0 0 0 15 1186 0 0 0 0 0 0 97
1574706803 1851 0 0 0 3579 84 0 0 0 0 0 15 1186 0 0 0 0 0 0 97
1574769588 1851 0 0 0 3579 134 0 0 0 0 0 15 1186 0 0 0 0 0 0 97
1574770466 1851 0 0 0 3579 344 0 0 0 0 0 15 1186 0 0 0 0 0 0 97
1574782829 1851 0 0 0 3579 383 0 0 0 0 0 15 1186 0 0 0 0 0 0 97
1574783602 1851 0 0 0 3579 384 0 0 0 0 0 15 1186 0 0 0 0 0 0 97
1574785269 1851 0 0 0 3579 389 0 0 0 0 0 15 1186 0 0 0 0 0 0 97
1574786166 1851 0 0 0 3579 418 0 0 0 0 0 15 1186 0 0 0 0 0 0 97
1574786313 1851 0 0 0 3579 419 0 0 0 0 0 15 1186 0 0 0 0 0 0 97
1574848820 1851 0 0 0 3579 426 0 0 0 0 0 15 1186 0 0 0 0 0 0 97
1574849035 1851 1 0 0 3579 426 0 0 0 0 0 15 1186 0 0 0 0 0 0 97
1574883500 1851 1 0 0 3579 443 0 0 0 0 0 15 1186 0 0 0 0 0 0 97
1575474200 1851 1 0 0 3579 444 0 0 0 0 0 15 1186 0 0 0 0 0 0 97
1575481600 1851 1 0 0 3579 445 0 0 0 0 0 15 1186 0 0 0 0 0 0 97
1575482557 1851 1 0 0 3579 446 0 0 0 0 0 15 1186 0 0 0 0 0 0 97
1575804357 1851 1 0 0 3579 446 2 0 0 0 0 15 1186 0 0 0 0 0 0 97
1576239679 1851 1 0 0 3579 455 2 0 0 0 0 15 1186 0 0 0 0 0 0 97
1576239716 1851 1 0 0 3579 455 2 0 0 0 0 15 1186 0 0 0 0 0 0 97
1576239935 1851 1 0 0 3579 460 2 0 0 0 0 15 1186 0 0 0 0 0 0 97
1576253813 1851 1 0 0 3579 623 2 0 0 0 0 15 1186 0 0 0 0 0 0 97
1576504034 1851 1 0 0 3579 623 324 0 0 0 0 15 1186 0 0 0 0 0 0 97
1576508326 1851 1 0 0 3579 623 330 0 0 0 0 15 1186 0 0 0 0 0 0 97
1576515838 1851 1 0 0 3579 623 337 0 0 0 0 15 1186 0 0 0 0 0 0 97
1576531921 1851 1 0 0 3579 629 468 0 0 0 0 15 1186 0 0 0 0 0 0 97
1576599983 1851 1 0 0 3579 642 468 0 0 0 0 15 1186 0 0 0 0 0 0 97
1576601374 1851 1 0 0 3579 746 468 0 0 0 0 15 1186 0 0 0 0 0 0 97
1576601454 1851 1 0 0 3579 746 468 0 0 0 0 15 1186 0 0 0 0 0 0 97
1576615319 1851 2 0 0 3579 746 468 0 0 0 0 15 1186 0 0 0 0 0 0 97
1576615478 1851 14 0 0 3579 746 468 0 0 0 0 15 1186 0 0 0 0 0 0 97
1576665157 1851 14 0 0 3579 749 468 0 0 0 0 15 1186 0 0 0 0 0 0 97
1576665281 1851 14 0 0 3579 750 468 0 0 0 0 15 1186 0 0 0 0 0 0 97
1578421415 1851 14 0 0 3579 750 469 0 0 0 0 15 1186 0 0 0 0 0 0 97
1578481385 1851 14 0 0 3579 750 470 0 0 0 0 15 1186 0 0 0 0 0 0 97
1578933398 1851 14 0 0 3579 750 470 0 0 0 0 15 1186 10 0 0 0 0 0 97
1579879102 1851 14 0 0 3579 790 470 0 0 0 0 15 1186 10 0 0 0 0 0 97
1579880742 1851 14 0 0 3579 803 470 0 0 0 0 15 1186 10 0 0 0 0 0 97
1579881178 1851 14 0 0 3579 804 470 0 0 0 0 15 1186 10 0 0 0 0 0 97
1580154032 1851 14 0 0 3579 809 470 0 0 0 0 15 1186 10 0 0 0 0 0 97
1580212181 1851 14 0 0 3579 810 470 0 0 0 0 15 1186 10 0 0 0 0 0 97
1582638638 1851 14 0 0 3579 879 470 0 0 0 0 15 1186 10 0 0 0 0 0 97
1582831537 1851 14 0 0 3579 879 473 0 0 0 0 15 1186 10 0 0 0 0 0 97
1582883453 1851 14 0 0 3579 879 476 0 248 0 0 15 1186 10 0 0 0 0 0 97
1583189798 1851 14 0 0 3579 879 476 0 253 0 0 15 1186 10 0 0 0 0 0 97
1583193391 1851 14 0 0 3579 879 476 0 281 0 0 15 1186 10 0 0 0 0 0 97
1583195758 1851 14 0 0 3579 879 476 0 302 0 0 15 1186 10 0 0 0 0 0 97
1583195809 1851 14 0 0 3579 879 476 0 302 0 0 15 1186 10 0 0 0 0 0 97
1583281946 1851 14 0 0 3579 879 476 0 305 0 0 15 1186 10 0 0 0 0 0 97
1583355740 1851 14 0 0 3579 879 476 0 311 0 0 15 1186 10 0 0 0 0 0 97
1583438335 1851 14 0 0 3579 879 476 0 408 0 0 15 1186 10 0 0 0 0 0 97
1583443931 1851 14 0 0 3579 879 476 0 492 0 0 15 1186 10 0 0 0 0 0 97
1583453189 1851 14 0 0 3579 879 476 0 843 0 0 15 1186 10 0 0 0 0 0 97
1583521818 1851 14 0 0 3579 879 476 0 886 0 0 15 1186 10 0 0 0 0 0 97
1583528993 1851 14 0 0 3579 879 476 0 886 0 0 15 1186 10 0 0 0 0 0 97
1583529488 1851 14 0 0 3579 879 476 0 886 0 0 15 1186 10 0 0 0 0 0 97
1583531239 1851 14 0 0 3579 879 476 0 887 0 0 15 1186 10 0 0 0 0 0 97
1583774850 1851 14 0 0 3579 879 476 0 889 0 0 15 1186 10 0 0 0 0 0 97
1583775584 1851 14 0 0 3579 879 476 0 893 0 0 15 1186 10 0 0 0 0 0 97
1583870311 1851 14 0 0 3579 879 476 0 909 0 0 15 1186 10 0 0 0 0 0 97
1583949504 1851 14 0 0 3579 879 476 0 909 0 0 15 1186 10 0 0 0 0 0 97
1583949620 1851 14 0 0 3579 879 476 0 909 0 0 15 1186 10 0 0 0 0 0 97
1584034316 1851 14 0 0 3579 879 476 0 909 0 0 15 1186 10 0 0 0 0 0 97
1584034381 1851 14 0 0 3579 879 476 0 909 0 0 15 1186 10 0 0 0 0 0 97
1584986368 1851 14 0 0 3579 879 476 0 909 0 0 15 1186 10 0 0 0 0 0 97
1585220978 1851 14 0 0 3579 879 476 0 912 0 0 15 1186 613 0 0 0 0 0 97
1585355777 1851 14 0 0 3579 879 476 0 912 0 0 15 1186 613 0 0 0 0 0 97
1585899525 1851 14 0 0 3579 879 476 0 1338 0 0 15 1186 613 0 0 0 0 0 97
1585901553 1851 14 0 0 3579 879 1254 0 1338 0 0 15 1186 613 0 0 0 0 0 97
1587039477 1851 14 0 0 3579 879 1254 11 1338 0 0 15 1186 613 0 0 0 0 0 97
1587045360 1862 14 0 0 3579 879 1254 11 1338 0 0 15 1186 613 0 0 0 0 0 97
1587047316 1862 14 0 0 3579 879 1254 11 1338 0 0 15 1186 613 0 0 0 0 0 97
1587108900 1862 14 0 0 3579 879 1654 11 1338 0 0 15 1186 613 0 0 0 0 0 97
1587462183 1862 14 0 0 3579 879 2831 11 1338 0 0 15 1186 613 0 0 0 0 0 97
1587468402 1862 14 0 0 3579 879 2841 11 1338 0 0 15 1186 613 0 0 0 0 0 97
1587468886 1862 14 0 0 3579 879 2857 11 1338 0 0 15 1186 613 0 0 0 0 0 97
1587479953 1862 14 0 0 3579 879 2915 11 1338 0 0 15 1186 613 0 0 0 0 0 97
1587482591 1862 14 0 0 3579 879 2916 11 1338 0 0 15 1186 613 0 0 0 0 0 97
1587492358 1862 14 0 0 3579 879 2919 11 1338 0 0 15 1186 613 0 0 0 0 0 97
1587562603 1862 14 0 0 3579 879 2919 11 1338 0 0 15 1186 613 0 0 0 0 0 97
1587570477 1862 14 0 0 3579 879 2919 11 1338 0 0 15 1186 613 0 0 0 0 0 97
1588237974 1862 14 0 0 3582 879 2919 11 1338 0 0 15 1186 613 0 0 0 0 0 97
1588239010 1862 14 0 0 3583 879 2919 11 1338 0 0 15 1186 613 0 0 0 0 0 97
1588250486 1862 14 0 0 3586 879 2919 11 1338 0 0 15 1186 613 0 0 0 0 0 97
1589808055 1868 14 0 0 3586 879 2919 11 1338 0 0 15 1186 613 0 0 0 0 0 97
1589810834 1869 14 0 0 3586 879 2919 11 1338 0 0 15 1186 613 0 0 0 0 0 97
1589812684 1873 14 0 0 3586 879 2919 11 1338 0 0 15 1186 613 0 0 0 0 0 97
1589817562 1874 14 0 0 3586 879 2919 11 1338 0 0 15 1186 613 0 0 0 0 0 97
1589819356 2088 14 0 0 3586 879 2919 11 1338 0 0 15 1186 613 0 0 0 0 0 97
1589819421 2110 14 0 0 3586 879 2919 11 1338 0 0 15 1186 613 0 0 0 0 0 97
1589836854 2110 14 0 0 3586 879 2919 11 1338 0 0 15 1186 613 0 0 0 0 0 97
1589886876 2300 14 0 0 3586 879 2919 11 1338 0 0 15 1186 613 0 0 0 0 0 97
1589891623 2448 14 0 0 3586 879 2919 11 1338 0 0 15 1186 613 0 0 0 0 0 97
1589892756 2471 14 0 0 3586 879 2919 11 1338 0 0 15 1186 613 0 0 0 0 0 97
1589893852 2471 14 0 0 3586 879 2919 11 1338 0 0 15 1186 613 0 0 0 0 0 97
1589894959 2471 14 0 0 3586 879 2919 11 1338 0 0 15 1186 613 0 0 0 0 0 97
1589898260 2471 14 0 0 3586 3915 2919 11 1338 0 0 15 1186 613 0 0 0 0 0 97
1590079902 2471 14 0 0 5471 3915 2919 11 1338 0 0 15 1186 613 0 0 0 0 0 97
1590604305 2471 14 0 0 5739 3915 2919 11 1338 0 0 15 1186 613 0 0 0 0 0 97
1591106341 2471 14 0 0 5783 3915 2919 11 1338 0 0 15 1186 613 0 0 0 0 0 97
1591106876 2471 14 0 0 6028 3915 2919 11 1338 0 0 15 1186 613 0 0 0 0 0 97
1591289865 2471 172 0 0 6317 4022 2919 11 1338 0 0 15 1186 613 0 0 0 0 0 97
1591367983 2471 172 0 0 6317 4373 2919 11 1338 0 0 15 1186 613 0 0 0 0 0 97
1591375166 2471 172 0 0 6317 4733 2919 11 1338 0 0 15 1186 613 0 0 0 0 0 97
1591698652 3483 172 0 0 6589 4733 2919 11 1338 0 0 15 1186 613 0 0 0 0 0 97
1591721779 3483 172 0 0 6589 4733 2919 11 1338 0 0 15 1186 613 0 0 0 0 0 97
1591780620 3483 172 0 0 6589 4771 2919 11 1338 0 0 15 1186 613 0 0 0 0 0 97
1591784064 3483 172 0 0 6679 4771 2919 11 1338 0 0 15 1186 613 0 0 0 0 0 97
1591791609 3483 172 0 0 6679 4771 2919 11 1338 0 0 15 1186 613 0 0 0 0 0 97
1591809880 3483 172 0 0 6679 4771 2919 11 1342 0 0 15 1186 613 0 0 0 0 0 97
1591809982 3485 172 0 0 6679 4771 2919 11 1342 0 0 15 1186 613 0 0 0 0 0 97
1591810003 3487 172 0 0 6679 4771 2919 11 1342 0 0 15 1186 613 0 0 0 0 0 97
1591820764 3487 172 0 0 6679 4771 2919 11 1342 0 0 15 1186 613 0 0 0 0 0 97
1591831652 3487 172 0 0 6679 4830 2919 11 1345 0 0 15 1186 613 0 0 0 0 0 97
1591867539 3487 172 0 0 6679 4830 2919 11 1345 0 0 15 1186 613 0 0 0 0 0 97
1591869363 3487 172 0 0 6679 4830 2919 11 1345 0 0 15 1186 613 0 0 0 0 0 97
1591971081 4797 172 0 0 6679 4830 6895 11 1345 0 0 15 1186 613 0 0 0 0 0 97
1592325787 4802 172 0 0 6679 4830 6895 11 1345 0 0 15 1186 613 0 0 0 0 0 97
1592381660 4802 172 0 0 6679 5102 6895 11 1345 0 0 15 1186 613 0 0 0 0 0 97
1592392588 4802 172 0 0 6679 5481 6895 11 1345 0 0 15 1186 613 0 0 0 0 0 97
1592392921 4951 172 0 0 6679 5481 6895 11 1345 0 0 15 1186 613 0 0 0 0 0 97
1592487057 4951 172 0 0 6679 5481 6895 11 1345 0 0 15 1186 613 0 0 0 0 0 97
1592563286 5009 172 0 0 6679 5481 6895 11 1345 0 0 15 1186 613 0 0 0 0 0 97
1592567779 5195 172 0 0 6679 5481 6895 11 1345 0 0 15 1186 613 0 0 0 0 0 97
1592571574 5224 172 0 0 6679 5481 6895 11 1345 0 0 15 1186 613 0 0 0 0 0 97
1592579377 5224 172 0 0 6679 5481 6895 11 1653 0 0 15 1186 613 0 0 0 0 0 97
1592836961 5224 172 0 0 6896 5481 6921 11 1653 0 0 15 1186 613 0 0 0 0 0 97
1592916686 5224 172 0 0 6896 5481 6921 11 1653 0 0 15 1186 613 0 0 0 0 0 97
1592994218 5277 172 0 0 7015 5892 6921 11 1653 0 0 15 1186 613 0 0 0 0 0 97
1593015684 5277 172 0 0 7015 5892 6921 11 1653 0 0 15 1186 613 0 0 0 0 0 97
1593029561 5279 172 0 0 7015 5892 6921 11 1653 0 0 15 1186 613 0 0 0 0 0 97
1593075229 5279 172 0 0 7015 5892 6921 11 1653 0 0 15 1186 613 0 0 0 0 0 97
1593075776 5279 172 0 0 7015 5892 6921 11 1653 0 0 15 1186 613 0 0 0 0 0 97
1593100845 5279 172 0 0 7015 5892 6921 11 1653 0 0 15 1186 613 0 0 0 0 0 97
1593537333 5279 172 0 0 7015 5892 6921 990 1653 0 0 15 1186 613 0 0 0 0 0 97
1593695568 5464 172 0 0 7015 5892 6921 1603 1653 0 0 15 1186 613 0 0 0 0 0 97
1593701497 5487 172 0 0 7015 5892 6921 1603 1653 0 0 15 1186 613 0 0 0 0 0 97
1593702315 5490 172 0 0 7015 5892 6921 1603 1653 0 0 15 1186 613 0 0 0 0 0 97
1593704644 5490 172 0 0 7015 5892 6921 1603 1653 0 0 15 1186 613 0 0 0 0 0 97
1593765322 5490 172 0 0 7015 5892 6921 1603 1653 0 0 15 1186 613 0 0 0 0 0 97
1593769790 5490 172 0 0 7015 5892 6921 2881 1653 0 0 15 1186 613 0 0 0 0 0 97
1594198298 5490 172 0 0 7015 5892 6921 2881 1653 0 0 15 1186 613 0 0 0 0 0 97
1594218948 5490 172 0 0 7015 6188 6921 2905 1653 0 0 15 1186 613 0 0 0 0 0 97
1594306779 5490 172 0 0 7015 6188 6921 2905 1653 0 0 15 1186 613 0 0 0 0 0 97
1594313131 5490 172 0 0 7015 6188 6921 3264 1653 0 0 15 1186 613 0 0 0 0 0 97
1594656607 5490 172 0 0 7015 6299 6921 4291 1653 0 0 15 1186 613 0 0 0 0 0 97
1594820739 5490 172 0 0 7015 6447 6921 4291 1653 0 0 15 1186 613 0 0 0 0 0 97
1594897108 5934 172 0 0 7015 6447 6921 5263 1653 0 0 15 1186 613 0 0 0 0 0 97
1594905277 5934 172 0 0 7015 6447 6921 5263 1653 0 0 15 1186 613 0 0 0 0 0 97
1594905288 5934 172 0 0 7015 6447 6921 6258 1653 0 0 15 1186 613 0 0 0 0 0 97
1594913254 5934 172 0 0 7015 6447 6921 6258 1653 0 0 15 1186 613 0 0 0 0 0 97
1594915375 6831 172 0 0 7015 6447 6921 6258 1653 0 0 15 1186 613 0 0 0 0 0 97
1594971452 6831 172 0 0 7015 6447 6921 6258 1653 0 0 15 1186 613 0 0 0 0 0 97
1594973525 6831 172 0 0 7015 6447 6921 11622 1653 0 0 15 1186 613 0 0 0 0 0 97
1595251380 6831 172 0 0 7015 6603 6921 11622 1653 0 0 15 1186 613 0 0 0 0 0 97
1595260782 6831 172 0 0 7429 6753 7214 11622 1653 0 0 15 1186 613 0 0 0 0 0 97
1595490040 6831 172 0 0 7429 6753 7378 11622 1653 0 0 15 1186 613 0 0 0 0 0 97
1595491215 6831 172 0 0 7429 7103 7491 11622 1653 0 0 15 1186 613 0 0 0 0 0 97
1595507429 6831 172 0 0 7429 7103 7548 11622 1653 0 0 15 1186 613 0 0 0 0 0 97
1595510738 6831 172 0 0 7429 7103 7548 11622 1653 0 0 15 1186 613 0 0 0 0 0 97
1595520139 6831 358 0 0 7429 7103 7548 11622 1653 0 0 15 1186 613 0 0 0 0 0 97
1595520711 6831 358 0 0 7429 7103 7548 11622 1653 0 0 15 1186 613 0 0 0 0 0 97
1595521754 6831 358 0 0 7429 7103 7579 11622 1653 0 0 15 1186 613 0 0 0 0 0 97
1595606047 7960 358 0 0 7429 7103 7579 11622 1653 0 0 15 1186 613 0 0 0 0 0 97
1595860829 7960 358 0 0 7429 7429 7579 11622 1653 0 0 15 1186 613 0 0 0 0 0 97
1595861906 8411 358 0 0 7429 7429 7579 11622 1653 0 0 15 1186 613 0 0 0 0 0 97
1595935036 8411 358 0 0 7822 7429 7579 11622 1653 0 0 15 1186 613 0 0 0 0 0 97
1595944807 8411 358 0 0 7822 7429 7891 11906 1653 0 0 15 1186 613 0 0 0 0 0 97
1596012507 8411 358 0 0 7822 9646 7891 11906 1653 0 0 15 1186 613 0 0 0 0 0 97
1596102398 8411 358 0 207 7822 9646 8014 11913 1653 0 0 15 1186 613 0 0 0 0 0 97
1596122102 8411 358 0 207 7822 9646 8290 11913 1653 0 0 15 1186 613 0 0 0 0 0 97
1596615394 9842 358 0 207 7822 9646 8290 11915 1653 0 0 15 1186 613 0 0 0 0 0 97
1596789244 13838 358 0 207 7822 9646 8290 11915 1653 0 0 15 1186 613 0 0 0 0 0 97
1597170663 13838 358 0 207 8517 9853 8290 11915 1653 0 0 15 1186 613 0 0 0 0 0 97
1597247960 13838 358 0 207 8517 9853 8290 11915 1653 0 0 15 1186 613 0 0 0 0 0 97
1597249610 13838 358 0 207 8517 9853 8290 11915 1653 0 0 15 1186 613 0 0 0 0 0 97
1597252349 13838 358 0 207 8532 9853 8290 11915 1653 0 0 15 1186 613 0 0 0 0 0 97
1597253726 13838 358 0 207 8625 9853 8290 11915 1653 0 0 15 1186 613 0 0 0 0 0 97
1597305397 13838 358 0 207 8625 9853 8602 11915 1653 0 0 15 1186 613 0 0 0 0 0 97
1597315051 13838 358 0 207 8625 9853 8602 11915 1653 0 0 15 1186 613 0 0 0 0 0 97
1597322097 13838 358 0 207 8625 9853 8602 11915 1653 0 0 15 1186 613 0 0 0 0 0 97
1597324455 13899 358 0 207 8625 10058 8602 11915 1653 0 0 15 1186 613 0 0 0 0 0 97
1597329552 13899 358 0 207 8625 10058 8602 11915 1653 0 0 15 1186 613 0 0 0 0 0 97
1597329863 13899 358 0 207 8625 10058 8648 11915 1653 0 0 15 1186 613 0 0 0 0 0 97
1597333379 14337 358 0 207 8625 10058 8648 11915 1653 0 0 15 1186 613 0 0 0 0 0 97
1597334432 14338 358 0 207 8625 10058 8648 11915 1653 0 0 15 1186 613 0 0 0 0 0 97
1597338008 14343 358 0 207 8625 10058 8648 11915 1653 0 0 15 1186 613 0 0 0 0 0 97
1597340233 14344 358 0 207 8625 10058 8648 11915 1653 0 0 15 1186 613 0 0 0 0 0 97
1597386997 14344 358 0 207 8625 10058 8648 11915 1653 0 0 15 1186 613 0 0 0 0 0 97
1597387012 14344 358 0 207 8625 10058 8648 12318 1653 0 0 15 1186 613 0 0 0 0 0 97
1597389565 14344 358 0 207 8625 10058 8648 12320 1653 0 0 15 1186 613 0 0 0 0 0 97
1597390473 14344 358 0 207 8625 10058 8648 12320 1653 0 11 15 1186 613 0 0 0 0 0 97
1597393454 14344 358 0 207 8625 10058 8648 12320 1653 0 11 15 1186 613 0 0 0 0 0 97
1597396375 14420 358 0 207 8625 10058 8648 12320 1653 0 11 15 1186 613 0 0 0 0 0 97
1597399339 14420 358 0 207 8625 10058 8648 12337 1653 0 11 15 1186 613 0 0 0 0 0 97
1597401897 14420 358 0 207 8625 10058 8719 12337 1653 0 11 15 1186 613 0 0 0 0 0 97
1597410260 14420 358 0 207 8625 10058 8721 12337 1653 0 11 15 1186 613 0 0 0 0 0 97
1597424851 14422 358 0 207 8625 10058 8721 12337 1653 0 11 15 1186 613 0 0 0 0 0 97
1597653181 14426 358 0 207 8625 10058 8721 12337 1653 0 11 15 1186 613 0 0 0 0 0 97
1597653550 14496 358 0 207 8625 10058 8721 12470 1653 0 104 15 1186 613 0 0 0 0 0 97
1597655157 14496 358 0 207 8625 10058 8721 12470 1653 0 104 15 1186 613 0 0 0 0 0 97
1597656345 14496 358 0 207 8625 10058 8721 12470 1653 0 104 15 1186 613 0 0 0 0 0 97
1597658992 14962 358 0 207 8625 10058 8721 12470 1653 0 146 15 1186 613 0 0 0 0 0 97
1597662901 14962 358 0 207 8625 10058 8722 12470 1653 0 146 15 1186 613 0 0 0 0 0 97
1597668647 14962 358 0 207 8625 10058 8722 12470 1653 0 146 15 1186 613 0 0 0 0 0 97
1597668819 14962 358 0 207 8625 10058 8722 12470 1653 0 146 15 1186 613 0 0 0 0 0 97
1597671312 14962 358 0 207 8625 10058 8722 12470 1653 0 146 15 1186 613 0 0 0 0 0 97
1597674792 15003 358 0 207 8625 10367 8722 12470 1653 0 146 15 1186 613 0 0 0 0 0 97
1597738533 15071 358 0 207 8625 10367 8722 12483 1653 0 146 15 1186 613 0 0 0 0 0 97
1597748221 15071 358 0 207 8625 10367 8722 12483 1653 0 146 15 1186 613 0 0 0 0 0 97
1597754833 15071 358 0 207 8625 10468 8722 12483 1653 0 146 15 1186 613 0 0 0 0 0 97
1597829425 15071 358 0 207 8625 10468 8722 12483 1653 0 146 15 1186 613 0 0 0 0 0 97
1597851031 15071 358 0 207 8625 10468 8722 12483 1653 0 146 15 1186 613 0 0 0 0 0 97
1597854650 15071 358 0 207 8625 10571 8722 12483 1653 0 146 15 1186 613 0 0 0 0 0 97
1597917779 15071 358 0 207 8625 10571 8722 12483 1653 0 146 15 1186 613 0 0 0 0 0 97
1597944635 15071 358 0 207 8625 10571 8722 12483 1653 0 146 15 1186 613 0 0 0 0 0 97
1598000215 15071 358 0 207 8625 10771 8722 12483 1653 0 146 15 1186 613 0 0 0 0 0 97
1598001888 15071 358 0 207 8625 10771 8722 12483 1653 0 146 15 1186 613 0 0 0 0 0 97
1598001926 15071 358 0 207 8625 10771 8722 12483 1653 0 146 15 1186 613 0 0 0 0 0 97
1598002064 15071 358 0 207 8625 10828 8722 12483 1653 0 1131 15 1186 613 0 0 0 0 0 97
1598008342 15071 358 0 207 8625 10828 8722 12483 1653 0 1216 15 1186 613 0 0 0 0 0 97
1598015618 15071 358 0 207 8625 11034 8722 12483 1653 0 1216 15 1186 613 0 0 0 0 0 97
1598017280 15071 358 0 207 8625 11034 8722 12483 1653 0 1216 15 1186 613 0 0 0 0 0 97
1598017482 15071 358 0 207 8625 11034 8730 12483 3201 0 1216 15 1186 613 0 0 0 0 0 97
1598260960 15071 358 0 207 8625 11034 8730 12483 3201 0 1216 15 1186 613 0 0 0 0 0 97
1598287193 15071 358 0 207 8625 11088 8730 12483 3201 0 1216 15 1186 613 0 0 0 0 0 97
1598350454 15071 358 0 207 8625 11115 8730 12483 3201 0 1216 15 1186 613 0 0 0 0 0 97
1598356508 15071 358 0 207 8625 11115 8730 12483 3201 0 1225 15 1186 613 0 0 0 0 0 97
1598437702 15071 358 0 207 8625 11115 8730 12483 3201 0 1225 15 1186 613 0 0 0 0 0 97
1598459785 15071 358 0 207 8625 11115 8730 12483 3201 0 1225 15 1186 613 0 0 0 0 0 97
1598459862 15071 358 0 207 8625 11115 8730 12483 3201 0 1225 15 1186 613 0 0 0 0 0 97
1598461947 15071 358 0 207 8625 11115 8730 12483 3201 0 1225 15 1186 613 0 0 0 0 0 97
1598465601 15071 358 0 207 8625 11119 8730 12483 3201 0 1225 15 1186 613 0 0 0 0 0 97
1598466653 15071 358 0 207 8625 11119 8730 12483 3201 0 1225 15 1186 613 0 0 0 0 0 97
1598493758 15071 358 0 207 8625 11119 8730 12483 3201 0 1225 15 1186 613 0 0 0 0 0 97
1598508056 15071 358 0 207 8625 11119 8736 12483 3201 0 1225 15 1186 613 0 0 0 0 0 97
1598508677 15071 358 0 207 8625 11119 8738 12483 3201 0 1225 15 1186 613 0 0 0 0 0 97
1598512970 15071 358 0 207 8625 11119 8738 12483 3201 0 1225 15 1186 613 0 0 0 0 0 97
1598518980 15071 358 0 207 8625 11119 8738 12483 3201 0 1225 15 1186 613 0 0 0 0 0 97
1598529344 15071 358 0 207 8625 11119 8738 12483 3201 0 1225 15 1186 613 0 0 0 0 0 97
1598530639 15071 358 0 207 8625 11124 8738 12483 3201 0 1225 15 1186 613 0 0 0 0 0 97
1598532107 15071 358 0 207 8625 11678 8738 12483 3201 0 1371 15 1186 613 0 0 0 0 0 97
1598532147 15071 358 0 207 8625 11678 8738 12483 3201 0 1371 15 1186 613 0 0 0 0 0 97
1598533175 15071 358 0 207 8625 11678 8738 12483 3201 0 1371 15 1186 613 0 0 0 0 0 97
1598533305 15071 358 0 207 8625 11678 8738 12483 3201 0 1371 15 1186 613 0 0 0 0 0 97
1598534554 15071 358 0 207 8625 11679 8738 12483 3201 0 1371 15 1186 613 0 0 0 0 0 97
1598536731 15071 358 0 207 8625 11679 8738 12483 3201 0 1371 15 1186 613 0 0 0 0 0 97
1598539710 15071 358 0 207 8625 11679 8738 12483 3201 0 1371 15 1186 613 0 0 0 0 0 97
1598540679 15071 358 0 207 8625 11679 8738 12483 3201 0 1371 15 1186 613 0 0 0 0 0 97
1598868958 15071 358 0 207 8625 11679 8738 12483 3201 0 1371 15 1186 613 0 0 0 0 0 97
1598869731 15071 358 0 207 8625 11679 8738 12483 3201 0 1371 15 1186 613 0 0 0 0 0 97
1598869981 15071 359 0 207 8625 11679 8738 12483 3201 0 1371 15 1186 613 0 0 0 0 0 97
1599044708 15072 359 0 207 8625 11679 8738 12483 3201 0 1371 15 1186 613 0 0 0 0 0 97
1599058274 15072 359 0 207 8625 11679 8738 12483 3201 0 1371 15 1186 613 0 0 0 0 0 97
1599406455 15072 359 0 207 8625 11679 8738 12483 3201 0 1371 15 1186 613 0 0 0 0 0 97
1599425159 15072 359 0 207 8625 11679 8738 12483 3201 0 1371 15 1186 613 0 0 0 0 0 97
1599565556 15072 359 0 207 8653 11679 8738 12483 3201 0 1371 15 1186 613 0 0 0 0 0 97
1599588402 15072 359 0 207 8653 11679 8738 12483 3201 0 1371 15 1186 613 0 0 0 0 0 97
1600077446 15110 359 0 207 8653 11679 8738 12483 3201 0 1371 15 1186 613 0 0 0 0 0 97
1600081903 15110 359 0 207 8653 11679 8738 12483 3201 0 1371 15 1186 613 0 0 0 0 0 97
1600109854 15110 359 0 207 8653 11679 8738 12483 3201 0 1390 15 1186 613 0 0 0 0 0 97
1600154213 15110 359 0 207 8653 11679 8738 12483 3201 0 1390 15 1186 613 0 0 0 0 0 97
1600154467 15110 359 0 207 8666 11679 8738 12483 3201 0 1390 15 1186 613 0 0 0 0 0 97
1600159117 15110 359 0 207 8666 11679 8738 12505 3201 0 1390 15 1186 613 0 0 0 0 0 97
1600183599 15110 359 0 207 8666 11679 8738 12505 3201 0 1390 15 1186 613 0 0 0 0 0 97
1600186766 15110 359 0 207 8666 11679 8738 12505 3201 0 1390 15 1186 613 0 0 0 0 0 97
1600189238 15110 359 0 207 8666 11679 8738 12505 3201 0 1390 15 1186 613 0 0 0 0 0 97
1600243719 15110 359 0 207 8666 11679 8738 12505 3201 0 1390 15 1186 613 0 0 0 0 0 97
1600247625 15110 359 0 207 8666 11679 8799 12505 3201 0 1390 15 1186 613 0 0 0 0 0 97
1600248067 15110 359 0 207 8666 11702 8799 12505 3201 0 1390 15 1186 613 0 0 0 0 0 97
1600250670 15110 359 0 207 8666 11702 8799 12505 3201 0 1390 15 1186 613 0 0 0 0 0 97
1600259573 15159 433 0 207 8666 11702 8799 12505 3201 0 1390 15 1186 613 0 0 0 0 0 97
1600264831 15159 433 0 207 8666 11702 8799 12505 3362 0 1390 15 1186 613 0 0 0 0 0 97
1600278571 15159 433 0 207 8666 11702 8799 12505 3362 0 1390 15 1186 613 0 0 0 0 0 97
1600344448 15159 433 0 207 8666 11702 8799 12505 3362 0 1390 15 1186 613 0 0 0 0 0 97
1600346294 15187 433 0 207 8666 11702 8799 12505 3362 0 1390 15 1186 613 0 0 0 0 0 97
1600348252 15187 433 0 207 8666 11702 8799 12505 3362 0 1390 15 1186 613 0 0 0 0 0 97
1600348313 15187 433 0 207 8666 11702 8799 12505 3362 0 1390 15 1186 613 0 0 0 0 0 97
1600353217 15187 433 0 207 8807 11702 8799 12505 3362 0 1390 15 1186 613 0 0 0 0 0 97
1600363669 15187 433 0 207 8807 11702 8799 12505 3362 0 1390 15 1186 613 0 0 0 0 0 97
1600437174 15290 433 0 207 8807 11702 8799 12505 3362 0 1390 15 1186 613 0 0 0 0 0 97
1600437283 15290 433 0 207 8807 11702 8799 12505 3362 0 1390 15 1186 613 0 0 0 0 0 97
1600441706 15295 433 0 207 8807 11702 8799 12505 3362 0 1390 15 1186 613 0 0 0 0 0 97
1600442410 15296 433 0 207 8807 11702 8799 12505 3362 0 1390 15 1186 613 0 0 0 0 0 97
1600442932 15296 433 0 207 8807 11702 8799 12505 3362 0 1390 15 1186 613 0 0 0 0 0 97
1600617280 15296 433 0 207 8807 11702 8799 12505 3362 0 1390 15 1186 613 0 0 0 0 0 97
1600677782 15296 433 0 207 8807 11702 8799 12505 3362 0 1390 15 1186 613 0 0 0 0 0 97
1600679960 15296 433 0 207 8807 11702 8799 12505 3362 0 1390 15 1186 613 0 0 0 0 0 97
1600772719 15296 433 0 207 8816 11702 8799 12505 3362 0 1390 15 1186 613 0 0 0 0 0 97
1600788413 15297 433 0 207 8816 11702 8799 12505 3362 0 1390 15 1186 613 0 0 0 0 0 97
1600789152 15298 433 0 207 8816 11702 8799 12505 3362 0 1390 15 1186 613 0 0 0 0 0 97
1600789171 15298 433 0 207 8816 11702 8799 12505 3362 0 1390 15 1186 613 0 0 0 0 0 97
1600789384 15298 433 0 207 8816 11702 8799 12622 3362 0 1390 15 1186 613 0 0 0 0 0 97
1600792652 15298 433 0 207 8816 11702 8799 12622 3362 0 1390 15 1186 613 0 0 0 0 0 97
1600857422 15298 433 0 207 8816 11702 8799 12738 3362 0 1390 15 1186 613 0 0 0 0 0 97
1600858036 15298 433 0 207 8816 11702 8799 12907 3362 0 1390 15 1186 613 0 0 0 0 0 97
1600941155 15298 447 0 207 8816 11702 8799 12907 3362 0 1390 15 1186 613 0 0 0 0 0 97
1600971644 15298 447 0 207 8854 11702 8799 12907 3362 0 1390 15 1186 613 0 0 0 0 0 97
1601028874 15298 447 0 207 8875 11702 8799 12907 3362 0 1390 15 1186 613 0 0 0 0 0 97
1601029192 15372 447 0 207 8877 11702 8799 12907 3362 0 1390 15 1186 613 0 0 0 0 0 97
1601031399 15372 447 0 207 8877 11702 8799 12907 3362 0 1390 15 1186 613 0 0 0 0 0 97
1601032592 15372 447 0 207 8879 11702 8799 12907 3362 0 1390 15 1186 613 0 0 0 0 0 97
1601040207 15372 447 0 207 8879 11702 8799 12907 3362 0 1390 15 1186 613 0 0 0 0 0 97
1601041155 15372 447 0 207 8879 11702 8799 12959 3362 0 1390 15 1186 613 0 0 0 0 0 97
1601046931 15372 499 0 207 8879 11702 8799 12959 3362 0 1390 15 1186 613 0 0 0 0 0 97
1601049694 15372 513 0 207 8879 11719 8799 12959 3362 0 1390 15 1186 613 0 0 0 0 0 97
1601295056 15372 513 0 207 8879 11719 8799 12959 3362 0 1390 15 1186 613 0 0 0 0 0 97
1601296144 15494 513 0 207 8879 11719 8799 12959 3362 0 1390 15 1186 613 0 0 0 0 0 97
1601298673 15494 513 0 207 8879 11719 8799 12959 3362 0 1390 15 1186 613 0 0 0 0 0 97
1601299457 15494 513 0 207 8879 11719 8799 12959 3362 0 1390 15 1186 613 0 0 0 0 0 97
1601299732 15496 513 0 207 8879 11719 8799 12959 3362 0 1390 15 1186 613 0 0 0 0 0 97
1601299895 15496 513 0 207 8879 11719 8799 12964 3362 0 1390 15 1186 613 0 0 0 0 0 97
1601300600 15496 513 0 207 8879 11719 8799 12964 3362 0 1390 15 1186 613 0 0 0 0 0 97
1601300766 15496 513 0 207 8879 11719 8799 12964 3362 0 1390 15 1186 613 0 0 0 0 0 97
1601363787 15496 550 0 207 8879 11719 8799 12964 3362 0 1390 15 1186 613 0 0 0 0 0 97
1601382322 15543 550 0 207 8879 11719 8799 12964 3362 0 1390 15 1186 613 0 0 0 0 0 97
1601398351 15548 550 0 207 8879 11719 8799 12964 3362 0 1390 15 1186 613 0 0 0 0 0 97
1601398766 15557 550 0 207 8879 11719 8799 12964 3362 0 1390 15 1186 613 0 0 0 0 0 97
1601549929 15558 550 0 207 8879 11719 8799 12964 3362 0 1390 15 1186 613 0 0 0 0 0 97
1601550876 15566 550 0 207 8879 11719 8799 12964 3362 0 1390 15 1186 613 0 0 0 0 0 97
1601558014 15568 550 0 207 8879 11719 8799 12964 3362 0 1390 15 1186 613 0 0 0 0 0 97
1601560889 15577 550 0 207 8879 11719 8799 12964 3362 0 1390 15 1186 613 0 0 0 0 0 97
1601563699 15577 550 0 207 8879 11719 8799 12964 3362 0 1390 15 1186 613 0 0 0 0 0 97
1601575984 15577 585 0 207 8879 11719 8799 12964 3362 0 1390 15 1186 613 0 0 0 0 0 97
1601576222 15577 585 0 207 8879 11719 8799 12964 3362 0 1390 15 1186 613 0 0 0 0 0 97
1601628977 15577 603 0 207 8879 11719 8799 12964 3362 0 1390 15 1186 613 0 0 0 0 0 97
1601630461 15577 619 0 207 8879 11719 8799 12964 3362 0 1390 15 1186 613 0 0 0 0 0 97
1601632552 15577 619 0 207 8879 11719 8799 12964 3362 0 1390 15 1186 613 0 0 0 0 0 97
1601632605 15577 619 0 207 8879 11719 8805 12964 3362 0 1390 15 1186 613 0 0 0 0 0 97
1601921827 15577 619 0 207 8879 11719 8805 12964 3362 0 1390 46 1186 613 0 0 0 0 0 97
1602702036 15577 619 0 207 8879 11719 9251 12964 3362 0 1390 46 1186 613 0 0 0 0 0 97
1602779730 15577 619 0 207 8879 11719 9251 12964 3362 0 1390 46 1186 613 0 0 0 0 0 97
1603121975 15577 619 0 207 8879 11719 9251 12964 3362 0 1390 46 1186 613 0 0 0 0 0 97
1603298469 15577 619 0 207 8879 11719 9251 12964 3362 0 1390 46 1186 613 0 0 0 0 0 97
1603298637 15577 619 0 207 8879 11719 9251 12964 3362 0 1390 46 1186 613 0 0 0 0 0 97
1603911006 15577 619 248 207 8879 11719 9251 14874 3362 0 1390 46 1186 613 0 0 0 0 0 97
1603964233 15577 619 284 207 8879 11719 9251 14874 3362 0 1390 46 1186 613 0 0 0 0 0 97
1603974416 15577 619 284 207 8879 12116 9251 14874 3362 0 1390 46 1186 613 0 0 0 0 0 97
1604069549 15577 619 284 207 8879 12118 9251 14874 3362 0 1390 46 1186 613 0 0 0 0 0 97
1604072411 15577 619 284 207 8879 12163 9251 14874 3362 0 1390 46 1186 613 0 0 0 0 0 97
1604074449 15577 619 284 207 8913 12193 9251 14874 3362 0 1390 46 1186 613 0 0 0 0 0 97
1604152446 15577 619 284 207 8977 12193 9251 14874 3362 0 1390 46 1186 613 0 0 0 0 0 97
1604153806 15577 619 284 207 9021 12193 9251 14874 3362 0 1390 46 1186 613 0 0 0 0 0 97
1604325385 15577 619 284 207 9029 12193 9251 14874 3362 0 1390 46 1186 613 0 0 0 0 0 97
1604329159 15577 619 284 207 9033 12193 9251 14874 3362 0 1390 46 1186 613 0 0 0 0 0 97
1604415649 15577 619 284 207 9033 12289 9251 14874 3362 0 1390 46 1186 613 0 0 0 0 0 97
1604417029 15577 619 284 207 9033 12300 9251 14874 3362 0 1390 46 1186 613 0 0 0 0 0 97
1604420270 15577 619 284 207 9033 12303 9251 14874 3362 0 1390 46 1186 613 0 0 0 0 0 97
1604493200 15577 619 284 207 9036 12303 9251 14874 3362 0 1390 46 1186 613 0 0 0 0 0 97
1604496441 15577 619 284 207 9036 12303 9251 14874 3362 0 1390 46 1186 613 0 0 0 0 0 97
1604584189 15577 619 284 207 9036 12362 9251 14874 3362 0 1390 46 1186 613 0 0 0 0 0 97
1604597592 15577 619 284 207 9036 12610 9251 14874 3362 0 1390 46 1186 613 0 0 0 0 0 97
1604663560 15577 619 284 207 9080 12610 9251 14874 3362 0 1390 46 1186 613 0 0 0 0 0 97
1604666879 15577 619 284 207 9080 12632 9251 14874 3362 0 1390 46 1186 613 0 0 0 0 0 97
1604668036 15646 619 284 207 9080 12632 9251 14874 3362 0 1390 46 1186 613 0 0 0 0 0 97
1604671137 15646 619 284 207 9091 12632 9251 14874 3362 0 1390 46 1186 613 0 0 0 0 0 97
1604671170 15646 619 284 207 9091 12632 9251 14874 3362 0 1390 46 1186 613 0 0 0 0 0 97
1604673879 15646 619 284 207 9091 12716 9251 14874 3362 0 1390 46 1186 613 0 0 0 0 0 97
1604674520 15646 619 284 207 9092 12716 9251 14874 3362 0 1390 46 1186 613 0 0 0 0 0 97
1604675252 15646 619 332 207 9092 12716 9251 14874 3362 0 1390 46 1186 613 0 0 0 0 0 97
1604679343 15646 619 332 207 9092 12728 9251 14874 3362 0 1390 46 1186 613 0 0 0 0 0 97
1604679437 15646 619 332 207 9092 12728 9251 14874 3362 0 1390 46 1186 613 0 0 0 0 0 97
1604680021 15646 619 332 207 9092 12757 9251 14874 3362 0 1390 46 1186 613 0 0 0 0 0 97
1604680653 15646 619 332 207 9092 12767 9251 14874 3362 0 1390 46 1186 613 0 0 0 0 0 97
1604682062 15646 619 332 207 9092 12835 9251 14874 3362 0 1390 46 1186 613 0 0 0 0 0 97
1604683731 15646 619 332 207 9243 12835 9251 14874 3362 0 1390 46 1186 613 0 0 0 0 0 97
1604688009 15646 619 332 207 9251 12835 9251 14874 3362 0 1390 46 1186 613 0 0 0 0 0 97
1604869358 15646 619 332 207 9322 12835 9251 14874 3362 0 1390 46 1186 613 0 0 0 0 0 97
1604874342 15646 619 332 207 9657 12835 9251 14874 3362 0 1390 46 1186 613 0 0 0 0 0 97
1604913558 15647 619 332 207 9657 12835 9251 14874 3362 0 1390 46 1186 613 0 0 0 0 0 97
1604913820 15647 619 332 207 9663 12835 9251 14874 3362 0 1390 46 1186 613 0 0 0 0 0 97
1604924897 15647 619 357 207 9663 12835 9251 14874 3362 0 1390 46 1186 613 0 0 0 0 0 97
1604924921 15647 619 357 207 9663 12835 9251 14874 3362 0 1390 46 1186 613 0 0 0 0 0 97
1604932884 15647 619 357 207 9682 12835 9251 14874 3362 0 1390 46 1186 613 0 0 0 0 0 97
1604934148 15647 619 357 207 9727 12835 9251 14874 3362 0 1390 46 1186 613 0 0 0 0 0 97
1604935333 15647 619 357 207 9727 12835 9251 14955 3362 0 1390 46 1186 613 0 0 0 0 0 97
1604952796 15647 619 357 213 9727 12835 9251 14955 3362 0 1390 46 1186 613 0 0 0 0 0 97
1604953527 15647 619 357 254 9727 12835 9251 14955 3362 0 1390 46 1186 613 0 0 0 0 0 97
1604955857 15647 619 357 259 9727 12835 9251 14955 3362 0 1390 46 1186 613 0 0 0 0 0 97
1604956880 15647 619 357 267 9727 12835 9251 14955 3362 0 1390 46 1186 613 0 0 0 0 0 97
1605001257 15647 619 358 267 9727 12835 9251 14955 3362 0 1390 46 1186 613 0 0 0 0 0 97
1605019071 15647 619 358 267 9758 12835 9251 14955 3362 0 1390 46 1186 613 0 0 0 0 0 97
1605019825 15647 619 358 273 9758 12835 9251 14955 3362 0 1390 46 1186 613 0 0 0 0 0 97
1605020211 15647 619 358 273 9758 12835 9251 14955 3362 0 1390 46 1186 613 0 0 0 0 0 97
1605020680 15647 619 358 273 9776 12835 9251 14955 3362 0 1390 46 1186 613 0 0 0 0 0 97
1605021823 15647 619 358 273 9776 12835 9251 14955 3362 0 1390 46 1186 613 0 0 0 0 0 97
1605032631 15647 619 358 323 9776 12835 9251 14955 3362 0 1390 46 1186 613 0 0 0 0 0 97
1605085960 15647 620 358 323 9776 12835 9251 14955 3362 0 1390 46 1186 613 0 0 0 0 0 97
1605086020 15647 621 358 323 9776 12835 9251 14955 3362 0 1390 46 1186 613 0 0 0 0 0 97
1605087139 15647 621 360 323 9776 12835 9251 14955 3362 0 1390 46 1186 613 0 0 0 0 0 97
1605087389 15647 621 360 323 9776 12835 9251 14955 3362 0 1390 46 1186 613 0 0 0 0 0 97
1605087798 15647 621 360 323 9776 12835 9251 14955 3362 0 1390 46 1186 613 0 0 0 0 0 97
1605087825 15647 621 374 323 9776 12835 9251 14955 3362 0 1390 46 1186 613 0 0 0 0 0 97
1605088282 15647 621 374 323 9776 12835 9251 14955 3362 0 1390 46 1186 613 0 0 0 0 0 97
1605088297 15647 621 374 323 9776 12835 9251 14955 3362 0 1390 46 1186 613 0 0 0 0 0 97
1605088315 15647 621 374 323 9776 12835 9251 14955 3362 0 1390 46 1186 613 0 0 0 0 0 97
1605088607 15647 621 374 329 9776 12835 9251 14955 3362 0 1390 46 1186 613 0 0 0 0 0 97
1605088660 15647 621 374 329 9776 12835 9251 14955 3362 0 1390 46 1186 613 0 0 0 0 0 97
1605088714 15647 621 374 329 9776 12835 9251 14955 3362 0 1390 46 1186 613 0 0 0 0 0 97
1605090500 15647 621 374 329 9776 12835 9251 14955 3362 0 1390 46 1186 613 0 0 0 0 0 97
1605090521 15647 621 374 329 9776 12835 9251 14955 3362 0 1390 46 1186 613 0 0 0 0 0 97
1605095674 15647 621 374 329 9776 12835 9328 14955 3362 0 1390 46 1186 613 0 0 0 0 0 97
1605117545 15647 621 374 329 9795 12835 9328 14955 3362 0 1390 46 1186 613 0 0 0 0 0 97
1605119278 15647 621 374 329 9795 12835 9328 14955 3362 0 1390 46 1186 613 0 0 0 0 0 97
1605124913 15647 621 374 329 9800 12835 9328 14955 3362 0 1390 46 1186 613 0 0 0 0 0 97
1605171553 15647 621 374 329 9800 12835 9328 14955 3362 0 1390 46 1186 613 0 0 0 0 0 97
1605174466 15647 621 374 329 9800 12835 9328 14955 3362 0 1390 46 1186 613 0 0 0 0 0 97
1605178635 15647 621 374 329 9800 12835 9328 14955 3362 0 1390 46 1186 613 0 0 0 0 0 97
1605817580 15647 621 374 329 9800 12835 9328 14955 3362 0 1390 46 1186 613 0 0 0 0 0 97
1605873573 15647 621 374 329 9800 12835 9328 14955 3362 0 1390 46 1186 613 0 0 0 0 0 97
1605882132 15647 621 374 329 9800 12892 9328 14955 3362 0 1390 46 1186 613 0 0 0 0 0 97
1605882439 15647 621 374 329 9800 12939 9328 14955 3362 0 1390 46 1186 613 0 0 0 0 0 97
1605893338 15647 621 374 329 9800 12975 9328 14955 3362 0 1390 46 1186 613 0 0 0 0 0 97
1605893965 15647 621 374 329 9800 12975 9328 14955 3362 0 1390 46 1186 613 0 0 0 0 0 97
1606229849 15647 621 374 329 9800 12976 9328 14955 3362 0 1390 46 1186 613 0 0 0 0 0 97
1606230968 15647 621 374 329 9800 12976 9328 14955 3362 0 1390 46 1186 613 0 0 0 0 0 97
1606299083 15647 621 374 329 9800 12977 9328 14955 3362 0 1390 46 1186 613 0 0 0 0 0 97
1606300586 15647 621 374 329 9800 12977 9328 14955 3362 0 1390 46 1186 613 0 0 0 0 0 97
1606427907 15647 621 374 398 9800 12977 9328 14955 3362 0 1390 46 1186 613 0 0 0 0 0 97
1606428094 15647 621 374 398 9800 12977 9328 14955 3362 0 1390 46 1186 613 0 0 0 0 0 97
1606431284 15647 621 374 499 9800 12977 9328 14955 3362 0 1390 46 1186 613 0 0 0 0 0 97
1606432863 15647 621 374 524 9800 12977 9328 14955 3362 0 1390 46 1186 613 0 0 0 0 0 97
1606433230 15647 621 374 536 9800 12977 9328 14955 3362 0 1390 46 1186 613 0 0 0 0 0 97
1606469947 15647 621 374 537 9800 12977 9328 14955 3362 0 1390 46 1186 613 0 0 0 0 0 97
1606496361 15647 621 374 537 9800 12997 9328 14955 3362 0 1390 46 1186 613 0 0 0 0 0 97
1606738277 15647 621 374 543 9800 12997 9328 14955 3362 0 1390 46 1186 613 0 0 0 0 0 97
1606738765 15647 621 374 545 9800 12997 9328 14955 3362 0 1390 46 1186 613 0 0 0 0 0 97
1606739642 15647 621 374 548 9800 12997 9328 14955 3362 0 1390 46 1186 613 0 0 0 0 0 97
1606748549 15647 621 374 548 9800 13037 9328 14955 3362 0 1390 46 1186 613 0 0 0 0 0 97
1606749179 15647 621 420 548 9800 13037 9328 14955 3362 0 1390 46 1186 613 0 0 0 0 0 97
1606751186 15647 621 420 548 9800 13044 9328 14955 3362 0 1390 46 1186 613 0 0 0 0 0 97
1606751910 15647 621 420 548 9800 13044 9328 14955 3362 0 1390 46 1186 613 0 0 0 0 0 97
1606753585 15647 621 420 548 9800 13046 9328 14955 3362 0 1390 46 1186 613 0 0 0 0 0 97
1606753762 15647 621 420 548 9800 13046 9328 14955 3362 0 1390 46 1186 613 0 0 0 0 0 97
1606757435 15751 621 420 548 9800 13057 9328 14955 3362 0 1390 46 1186 613 0 0 0 0 0 97
1606759881 15764 621 420 548 9800 13057 9328 14955 3362 0 1390 46 1186 613 0 0 0 0 0 97
1606760281 15766 621 420 548 9800 13057 9328 14955 3362 0 1390 46 1186 613 0 0 0 0 0 97
1606821017 15766 621 420 548 9800 13057 9328 14955 3362 0 1390 46 1186 613 0 0 0 0 0 97
1606822188 15766 621 420 548 9800 13057 9328 14955 3362 0 1390 46 1186 613 0 0 0 0 0 97
1606822832 15766 621 420 548 9800 13057 9328 14955 3362 0 1390 46 1186 613 0 0 0 0 0 97
1606824191 15766 621 420 548 9800 13057 9328 14955 3362 0 1390 46 1186 613 0 0 0 0 0 97
1606831933 15766 621 420 548 9800 13057 9328 14955 3362 0 1390 46 1186 613 0 0 0 0 0 97
1606840940 15766 621 420 548 9800 13057 9328 14955 3362 0 1390 46 1186 613 0 0 0 0 0 97
1606845315 15814 621 420 548 9800 13057 9328 14955 3362 0 1390 46 1186 613 0 0 0 0 0 97
1606857110 15814 621 420 550 9800 13057 9328 14955 3362 0 1390 46 1186 613 0 0 0 0 0 97
1606899312 15814 621 420 550 9800 13057 9328 15011 3362 0 1390 46 1186 613 0 0 0 0 0 97
1606904490 15814 621 420 550 9824 13057 9328 15011 3362 0 1390 46 1186 613 0 0 0 0 0 97
1606906719 15829 621 420 550 9824 13057 9328 15011 3362 0 1390 46 1186 613 0 0 0 0 0 97
1606906857 15829 621 420 550 9824 13057 9328 15011 3362 0 1390 46 1186 613 0 0 0 0 0 97
1606910460 15830 621 420 550 9824 13057 9328 15011 3362 0 1390 46 1186 613 0 0 0 0 0 97
1606910509 15830 621 420 550 9824 13057 9328 15011 3362 0 1390 46 1186 613 0 0 0 0 0 97
1606911495 15830 621 420 550 9824 13057 9328 15011 3362 0 1390 46 1186 613 0 0 0 0 0 97
1606928689 15830 621 420 550 9824 13057 9328 15011 3362 0 1390 46 1186 613 0 0 0 0 0 97
1606928736 15830 621 420 550 9824 13057 9328 15011 3362 0 1390 46 1186 613 0 0 0 0 0 97
1606928899 15830 621 420 550 9824 13057 9328 15011 3362 0 1390 46 1186 613 0 0 0 0 0 97
1606929556 15830 621 420 550 9824 13057 9328 15011 3362 0 1390 46 1186 613 0 0 0 0 0 97
1606929947 15830 621 420 550 9824 13057 9328 15011 3362 0 1390 46 1186 613 0 0 0 0 0 97
1606936958 15830 621 420 550 9824 13057 9328 15011 3362 0 1390 46 1186 613 0 0 0 0 0 97
1606937209 15830 621 420 550 9824 13057 9328 15011 3362 0 1390 46 1186 613 0 0 0 0 0 97
1606937231 15830 621 420 550 9824 13057 9328 15011 3362 0 1390 46 1186 613 0 0 0 0 0 97
1606937253 15830 621 420 550 9824 13057 9328 15011 3362 0 1390 46 1186 613 0 0 0 0 0 97
1606937540 15830 621 420 550 9824 13057 9328 15011 3362 0 1390 46 1186 613 0 0 0 0 0 97
1606937699 15830 621 420 550 9824 13057 9328 15011 3362 0 1390 46 1186 613 0 0 0 0 0 97
1606937743 15830 621 420 550 9824 13057 9328 15011 3362 0 1390 46 1186 613 0 0 0 0 0 97
1606981519 15830 621 421 550 9824 13057 9328 15011 3362 0 1390 46 1186 613 0 0 0 0 0 97
1606984010 15830 621 421 550 9824 13057 9328 15011 3362 0 1390 46 1186 613 0 0 0 0 0 97
1606991505 15830 621 421 550 9824 13080 9328 15011 3362 0 1390 46 1186 613 0 0 0 0 0 97
1606991658 15830 621 421 550 9824 13080 9328 15011 3362 0 1390 46 1186 613 0 0 0 0 0 97
1606991662 15830 621 421 550 9824 13080 9328 15011 3362 0 1390 46 1186 613 0 0 0 0 0 97
1606991910 15830 621 421 550 9824 13080 9328 15011 3362 0 1390 46 1186 613 0 0 0 0 0 97
1606993465 15830 621 421 550 9824 13080 9328 15011 3362 0 1390 46 1186 613 0 0 0 0 0 97
1607002420 15830 621 421 583 9824 13080 9328 15215 3362 0 1390 46 1186 613 0 0 0 0 0 97
1607013967 15830 621 421 587 9824 13080 9328 15215 3362 0 1390 46 1186 613 0 0 0 0 0 97
1607014808 15830 621 421 609 9824 13080 9328 15215 3362 0 1390 46 1186 613 0 0 0 0 0 97
1607017077 15830 621 421 609 9824 13080 9328 15215 3362 0 1390 46 1186 613 0 0 0 0 0 97
1607020163 15830 621 421 617 9824 13080 9328 15215 3362 0 1390 46 1186 613 0 0 0 0 0 97
1607021155 15830 621 421 630 9824 13080 9328 15215 3362 0 1390 46 1186 613 0 0 0 0 0 97
1607022635 15830 621 421 630 9824 13080 9328 15215 3362 0 1390 46 1186 613 0 0 0 0 0 97
1607024008 15830 621 421 630 9824 13080 9328 15215 3362 0 1390 46 1186 613 0 0 0 0 0 97
1607104901 15830 621 421 630 9824 13080 9328 15215 3362 0 1390 46 1186 613 0 0 0 0 0 97
1607615766 15830 621 433 630 9824 13080 9328 15215 3362 0 1390 46 1186 613 0 0 0 0 0 97
1607670605 15830 621 433 630 9824 13080 9349 15215 3362 0 1390 46 1186 613 0 0 0 0 0 97
1607671258 15830 621 433 630 9824 13080 9349 15215 3362 0 1390 46 1186 613 0 0 0 0 0 97
1607685812 15830 621 433 630 9824 13080 9376 15215 3362 0 1390 46 1186 613 0 0 0 0 0 97
1607933268 15830 621 435 630 9824 13080 9376 15215 3362 0 1390 46 1186 613 0 0 0 0 0 97
1607934762 15830 621 439 630 9824 13080 9376 15215 3362 0 1390 46 1186 613 0 0 0 0 0 97
1607968657 15830 621 439 673 9824 13080 9376 15215 3362 0 1390 46 1186 613 0 0 0 0 0 97
1608018222 15830 621 510 673 9824 13080 9376 15215 3362 0 1390 46 1186 613 0 0 0 0 0 97
1608019316 15830 621 512 673 9824 13080 9376 15215 3362 0 1390 46 1186 613 0 0 0 0 0 97
1608023965 15830 621 513 673 9824 13080 9376 15215 3362 0 1390 46 1186 613 0 0 0 0 0 97
1608029303 15830 621 513 673 9824 13080 9376 15215 3362 0 1390 46 1186 613 0 0 0 0 0 97
1608029463 15830 621 515 673 9824 13080 9376 15215 3362 0 1390 46 1186 613 0 0 0 0 0 97
1608032715 15830 621 515 678 9824 13080 9376 15215 3362 0 1390 46 1186 613 0 0 0 0 0 97
1608039711 15887 621 515 678 9824 13080 9376 15215 3362 0 1390 46 1186 613 0 0 0 0 0 97
1608041624 15887 621 515 699 9824 13107 9376 15215 3362 0 1390 46 1186 613 0 0 0 0 0 97
1608047335 15887 621 520 699 9824 13107 9376 15215 3362 0 1390 46 1186 613 0 0 0 0 0 97
1608048565 15887 621 520 699 9824 13110 9376 15215 3362 0 1390 46 1186 613 0 0 0 0 0 97
1608051737 15887 621 520 699 9824 13116 9376 15215 3362 0 1390 46 1186 613 0 0 0 0 0 97
1608065283 15887 621 520 699 9824 13116 9376 15215 3362 0 1390 46 1186 613 0 0 0 0 0 97
1608066561 15930 621 520 699 9824 13116 9376 15215 3362 0 1390 46 1186 613 0 0 0 0 0 97
1608068490 15930 621 520 699 9824 13116 9376 15215 3362 0 1390 46 1186 613 0 0 0 0 0 97
1608068777 15930 621 520 699 9824 13116 9376 15215 3362 0 1390 46 1186 613 0 0 0 0 0 97
1608068791 15930 621 520 699 9824 13116 9376 15215 3362 0 1390 46 1186 613 0 0 0 0 0 97
1608069978 15930 621 520 699 9824 13116 9376 15215 3362 0 1390 46 1186 613 0 0 0 0 0 97
1608072365 15930 621 520 709 9824 13116 9376 15215 3362 0 1390 46 1186 613 0 0 0 0 0 97
1608105325 15930 621 532 709 9824 13116 9376 15215 3362 0 1390 46 1186 613 0 0 0 0 0 97
1608106127 15930 621 532 709 9824 13116 9376 15215 3362 0 1390 46 1186 613 0 0 0 0 0 97
1608108844 15930 621 532 709 9824 13121 9376 15215 3362 0 1390 46 1186 613 0 0 0 0 0 97
1608109027 15930 621 532 709 9824 13126 9376 15215 3362 0 1390 46 1186 613 0 0 0 0 0 97
1608109372 15930 621 532 709 9824 13126 9376 15215 3362 0 1390 46 1186 613 0 0 0 0 0 97
1608111094 15930 621 532 709 9843 13126 9376 15215 3362 0 1390 46 1186 613 0 0 0 0 0 97
1608112995 15930 621 532 709 9843 13126 9376 15215 3362 0 1390 46 1186 613 0 0 0 0 0 97
1608113053 15930 621 532 709 9843 13126 9376 15215 3362 0 1390 46 1186 613 0 0 0 0 0 97
1608113188 15930 621 532 709 9843 13126 9376 15215 3362 0 1390 46 1186 613 0 0 0 0 0 97
1608113589 15930 621 532 709 9843 13126 9376 15215 3362 0 1390 46 1186 613 0 0 0 0 0 97
1608113887 15930 621 532 709 9843 13126 9376 15215 3362 0 1390 46 1186 613 0 0 0 0 0 97
1608114822 15930 621 532 709 9843 13147 9376 15215 3362 0 1390 46 1186 613 0 0 0 0 0 97
1608115643 15930 621 532 709 9843 13147 9376 15215 3362 0 1390 46 1186 613 0 0 0 0 0 97
1608116857 15930 621 532 709 9843 13147 9376 15215 3362 0 1390 46 1186 613 0 0 0 0 0 97
1608116868 15930 621 532 709 9843 13147 9376 15215 3362 0 1390 46 1186 613 0 0 0 0 0 97
1608119404 15930 621 532 709 9843 13147 9376 15215 3362 0 1390 46 1186 613 0 0 0 0 0 97
1608119464 15930 621 532 709 9843 13147 9376 15215 3362 0 1390 46 1186 613 0 0 0 0 0 97
1608119666 15930 621 532 709 9843 13147 9376 15215 3362 0 1390 46 1186 613 0 0 0 0 0 97
1608123230 15930 621 532 709 9843 13147 9376 15215 3362 0 1390 46 1186 613 0 0 0 0 0 97
1608124585 15930 621 532 709 9843 13147 9376 15215 3362 0 1390 46 1186 613 0 0 0 0 0 97
1608125407 15930 621 532 709 9843 13147 9376 15215 3362 0 1390 46 1186 613 0 0 0 0 0 97
1608130267 15930 621 532 709 9843 13147 9376 15215 3362 0 1390 46 1186 613 0 0 0 0 0 97
1608188572 15930 621 555 709 9843 13147 9376 15215 3362 0 1390 46 1186 613 0 0 0 0 0 97
1608204655 15930 621 555 709 9843 13147 9376 15215 3362 0 1390 46 1186 613 0 0 0 0 0 97
1608209023 15930 621 555 709 9843 13147 9376 15215 3362 0 1390 46 1186 613 0 0 0 0 0 97
1608218442 15930 621 555 709 9843 13147 9376 15215 3362 0 1390 46 1186 613 0 0 0 0 0 97
1608219851 15930 621 555 709 9843 13147 9376 15215 3362 0 1390 46 1186 613 0 0 0 0 0 97
1610054625 15930 621 555 713 9843 13147 9376 15215 3362 0 1390 46 1186 613 0 0 0 0 0 97
1610106349 15930 621 555 729 9843 13147 9376 15215 3362 0 1390 46 1186 613 0 0 0 0 0 97
1610107764 15930 621 555 729 9855 13147 9376 15215 3362 0 1390 46 1186 613 0 0 0 0 0 97
1610108150 15930 621 555 729 9918 13147 9376 15215 3362 0 1390 46 1186 613 0 0 0 0 0 97
1610109115 15930 621 555 729 9918 13147 9380 15215 3362 0 1390 46 1186 613 0 0 0 0 0 97
1610109287 15930 621 555 729 9918 13147 9380 15215 3362 0 1390 46 1186 613 0 0 0 0 0 97
1610110949 15930 621 555 729 9918 13147 9380 15215 3362 0 1390 46 1186 613 0 0 0 0 0 97
1610113430 15930 621 566 729 9918 13147 9380 15215 3362 0 1390 46 1186 613 0 0 0 0 0 97
1610115966 15930 621 566 729 9918 13147 9380 15215 3362 0 1390 46 1186 613 0 0 0 0 0 97
1610118400 15930 621 566 729 9918 13147 9380 15215 3362 0 1390 46 1186 613 0 0 0 0 0 97
1610125547 15930 621 566 734 9918 13147 9380 15215 3362 0 1390 46 1186 613 0 0 0 0 0 97
1610371363 15930 621 566 734 9918 13147 9392 15215 3362 0 1390 46 1186 613 0 0 0 0 0 97
1610376765 15943 621 566 734 9918 13147 9392 15215 3362 0 1390 46 1186 613 0 0 0 0 0 97
1610376917 15944 621 566 734 9918 13147 9392 15215 3362 0 1390 46 1186 613 0 0 0 0 0 97
1610379039 15961 621 566 734 9918 13147 9392 15215 3362 0 1390 46 1186 613 0 0 0 0 0 97
1610383884 15961 621 566 734 9918 13147 9392 15215 3362 0 1390 46 1186 613 0 0 0 0 0 97
1610383928 15961 621 566 734 9918 13147 9405 15215 3362 0 1390 46 1186 613 0 0 0 0 0 97
1610383941 15961 621 566 734 9918 13147 9422 15215 3362 0 1390 46 1186 613 0 0 0 0 0 97
1610445026 15985 621 566 734 9918 13147 9422 15215 3362 0 1390 46 1186 613 0 0 0 0 0 97
1610445208 15988 621 566 734 9918 13147 9422 15215 3362 0 1390 46 1186 613 0 0 0 0 0 97
1610448032 15991 621 566 734 9918 13147 9422 15215 3362 0 1390 46 1186 613 0 0 0 0 0 97
1610451781 15991 621 566 734 9918 13147 9422 15215 3362 0 1390 46 1186 613 0 0 0 0 0 97
1610461494 15991 621 576 734 9918 13147 9422 15215 3362 0 1390 46 1186 613 0 0 0 0 0 97
1610462313 15991 621 576 734 9918 13147 9422 15215 3362 0 1390 46 1186 613 0 0 0 0 0 97
1610551792 16052 621 597 790 9993 13147 9468 15215 3362 0 1390 46 1186 613 0 0 0 0 0 97
1610551896 16052 621 597 790 9993 13147 9468 15215 3362 0 1390 46 1186 613 0 0 0 0 0 97
1610552849 16052 621 597 813 9993 13147 9468 15215 3362 0 1390 46 1186 613 0 0 0 0 0 97
1610553064 16052 621 597 814 9993 13147 9468 15215 3362 0 1390 46 1186 613 0 0 0 0 0 97
1610555451 16052 656 597 814 9993 13147 9468 15215 3362 0 1390 46 1186 613 0 0 0 0 0 97
1610556829 16052 656 597 814 9993 13147 9468 15215 3362 0 1390 46 1186 613 0 0 0 0 0 97
1610559636 16052 656 597 816 9993 13147 9468 15215 3362 0 1390 46 1186 613 0 0 0 0 0 97
1610559903 16052 656 597 816 9993 13147 9468 15215 3362 0 1390 46 1186 613 0 0 0 0 0 97
1610566164 16052 656 597 816 9993 13147 9499 15215 3362 0 1390 46 1186 613 0 0 0 0 0 97
1610567263 16052 656 597 816 9993 13147 9499 15215 3362 0 1390 46 1186 613 0 0 0 0 0 97
1610726928 16052 656 647 816 9993 13147 9499 15215 3362 0 1390 46 1186 613 0 0 0 0 0 97
1610971075 16052 656 647 816 9993 13147 9499 15215 3362 0 1390 46 1186 613 0 0 0 0 0 97
1611165025 16052 656 647 816 9993 13147 9499 15215 3362 0 1390 46 1186 613 0 0 0 0 0 97
1611222104 16052 656 750 816 9993 13147 9499 15215 3362 0 1390 46 1186 613 0 0 0 0 0 97
1611243045 16052 656 755 816 9993 13147 9499 15215 3362 0 1390 46 1186 613 0 0 0 0 0 97
1611243802 16052 656 757 816 9993 13147 9499 15215 3362 0 1390 46 1186 613 0 0 0 0 0 97
1611307454 16052 656 760 816 9993 13147 9499 15215 3362 0 1390 46 1186 613 0 0 0 0 0 97
1611559527 16052 656 760 816 9993 13147 9698 15215 3362 0 1390 46 1186 613 0 0 0 0 0 97
1611585151 16052 656 760 816 9993 13147 9740 15215 3362 0 1390 46 1186 613 0 0 0 0 0 97
1611585235 16052 656 760 816 9993 13147 9740 15215 3362 0 1390 46 1186 613 0 0 0 0 0 97
1611667452 16052 741 760 816 9993 13147 9740 15215 3362 0 1390 46 1186 613 0 0 0 0 0 97
1611672147 16052 788 760 816 9993 13147 9740 15215 3362 0 1390 46 1186 613 0 0 0 0 0 97
1611679067 16052 788 760 816 9993 13147 9740 15215 3362 0 1390 46 1186 613 0 0 0 0 0 97
1611679824 16052 863 760 816 9993 13147 9741 15215 3362 0 1390 46 1186 613 0 0 0 0 0 97
1611761201 16052 1046 760 816 9993 13147 9741 15215 3362 0 1390 46 1186 613 0 0 0 0 0 97
1611762057 16052 1076 760 816 9993 13147 9741 15215 3362 0 1390 46 1186 613 0 0 0 0 0 97
1611772010 16052 1078 760 816 9993 13147 9741 15215 3362 0 1390 46 1186 613 0 0 0 0 0 97
1611824316 16052 1079 760 816 9993 13147 9741 15215 3362 0 1390 46 1186 613 0 0 0 0 0 97
1611825031 16052 1079 760 816 9993 13147 9744 15215 3362 0 1390 46 1186 613 0 0 0 0 0 97
1611825086 16052 1079 760 816 9993 13147 9744 15215 3362 0 1390 46 1186 613 0 0 0 0 0 97
1611831321 16052 1090 760 816 9993 13147 9744 15215 3362 0 1390 46 1186 613 0 0 0 0 0 97
1611831614 16052 1090 760 816 9993 13147 9744 15215 3362 0 1390 46 1186 613 0 0 0 0 0 97
1611908651 16052 1090 764 816 9993 13147 9744 15215 3362 0 1390 46 1186 613 0 0 0 0 0 97
1611916203 16052 1090 764 816 9993 13147 9774 15215 3362 0 1390 46 1186 613 0 0 0 0 0 97
1611916229 16052 1090 764 816 10161 13147 9774 15215 3362 0 1390 46 1186 613 0 0 0 0 0 97
1611916612 16052 1090 764 816 10161 13147 9774 15215 3362 0 1390 46 1186 613 0 0 0 0 0 97
1611922265 16052 1090 764 816 10166 13147 9774 15215 3362 0 1390 46 1186 613 0 0 0 0 0 97
1611923668 16052 1090 765 816 10166 13147 9774 15215 3362 0 1390 46 1186 613 0 0 0 0 0 97
1611923719 16052 1094 765 816 10166 13147 9774 15215 3362 0 1390 46 1186 613 0 0 0 0 0 97
1611925759 16052 1096 765 816 10166 13147 9774 15215 3362 0 1390 46 1186 613 0 0 0 0 0 97
1611929859 16052 1102 765 816 10166 13147 9774 15215 3362 0 1390 46 1186 613 0 0 0 0 0 97
1611929922 16052 1102 765 816 10166 13147 9779 15215 3362 0 1390 46 1186 613 0 0 0 0 0 97
1611930760 16052 1102 849 816 10166 13147 9779 15215 3362 0 1390 46 1186 613 0 0 0 0 0 97
1611938321 16052 1102 849 816 10166 13147 9779 15215 3362 0 1390 46 1186 613 0 0 0 0 0 97
1611938357 16052 1102 849 816 10166 13147 9779 15215 3362 0 1390 46 1186 613 0 0 0 0 0 97
1611939896 16052 1102 849 816 10166 13147 9779 15215 3362 0 1390 46 1186 613 0 0 0 0 0 97
1611940236 16052 1102 849 816 10166 13147 9779 15215 3362 0 1390 46 1186 613 0 0 0 0 0 97
1611940465 16052 1106 849 816 10166 13147 9779 15215 3362 0 1390 46 1186 613 0 0 0 0 0 97
1612095213 16205 1106 849 816 10166 13147 9779 15215 3362 0 1390 46 1186 613 0 0 0 0 0 97
1612103330 16205 1106 849 816 10167 13147 9779 15215 3362 0 1390 46 1186 613 0 0 0 0 0 97
1612167049 16205 1106 880 816 10167 13147 9779 15215 3362 0 1390 46 1186 613 0 0 0 0 0 97
1612168891 16205 1106 880 816 10167 13147 9779 15215 3362 0 1390 46 1186 613 0 0 0 0 0 97
1612169209 16335 1106 880 816 10167 13147 9779 15215 3362 0 1390 46 1186 613 0 0 0 0 0 97
1612174519 16348 1106 880 816 10167 13147 9779 15215 3362 0 1390 46 1186 613 0 0 0 0 0 97
1612176040 16348 1106 880 816 10167 13147 9779 15215 3362 0 1390 46 1186 613 0 0 0 0 0 97
1612176064 16348 1106 880 816 10167 13147 9779 15215 3362 0 1390 46 1186 613 0 0 0 0 0 97
1612179656 16348 1175 880 816 10167 13147 9779 15215 3362 0 1390 46 1186 613 0 0 0 0 0 97
1612180094 16348 1175 880 816 10167 13147 9779 15215 3362 0 1390 46 1186 613 0 0 0 0 0 97
1612181198 16348 1175 881 816 10167 13147 9779 15215 3362 0 1390 46 1186 613 0 0 0 0 0 97
1612183910 16348 1175 881 816 10167 13147 9779 15215 3362 0 1390 46 1186 613 0 0 0 0 0 97
1612183965 16348 1175 881 816 10167 13147 9779 15215 3362 0 1390 46 1186 613 0 0 0 0 0 97
1612188490 16348 1175 881 816 10167 13147 9779 15215 3362 0 1390 46 1186 613 0 0 0 0 0 97
1612188641 16348 1175 881 816 10167 13147 9779 15215 3362 0 1390 46 1186 613 0 0 0 0 0 97
1612191548 16348 1175 881 816 10167 13147 9779 15215 3362 0 1390 46 1186 613 0 0 0 0 0 97
1612193753 16348 1175 881 816 10167 13147 9779 15215 3362 0 1390 46 1186 613 0 0 0 0 0 97
1612517044 16348 1175 992 816 10167 13147 9779 15215 3362 0 1390 46 1186 613 0 0 0 0 0 97
1612522744 16348 1213 992 816 10167 13147 9779 15215 3362 0 1390 46 1186 613 0 0 0 0 0 97
1612530629 16348 1213 997 816 10167 13147 9779 15215 3362 0 1390 46 1186 613 0 0 0 0 0 97
1612535570 16348 1213 1026 816 10167 13147 9779 15215 3362 0 1390 46 1186 613 0 0 0 0 0 97
1612780508 16348 1213 1038 816 10167 13147 9779 15215 3362 0 1390 46 1186 613 0 0 0 0 0 97
1612782225 16348 1213 1038 816 10167 13147 9856 15215 3362 0 1390 46 1186 613 0 0 0 0 0 97
1612864216 16348 1213 1038 816 10167 13147 9856 15215 3362 0 1390 46 1186 613 0 0 0 0 0 97
1612877474 16348 1322 1038 816 10167 13147 9856 15215 3362 0 1390 46 1186 613 0 0 0 0 0 97
1612878165 16348 1322 1315 816 10167 13147 9856 15215 3362 0 1390 46 1186 613 0 0 0 0 0 97
1612885284 16348 1322 1315 816 10167 13147 9856 15236 3362 0 1390 46 1186 613 0 0 0 0 0 97
1612955021 16348 1322 1315 816 10167 13147 9856 15236 3362 0 1390 46 1186 613 0 0 0 0 0 97
1612956054 16348 1322 1315 816 10167 13147 9856 15243 3362 0 1390 46 1186 613 0 0 0 0 0 97
1612957574 16348 1322 1315 816 10167 13147 9856 15283 3362 0 1390 46 1186 613 0 0 0 0 0 97
1612964402 16348 1322 1316 816 10167 13147 9856 15283 3362 0 1390 46 1186 613 0 0 0 0 0 97
1612975493 16348 1354 1316 816 10167 13147 9856 15283 3362 0 1390 46 1186 613 0 0 0 0 0 97
1612976610 16427 1354 1316 816 10167 13147 9856 15283 3362 0 1390 46 1186 613 0 0 0 0 0 97
1612979471 16427 1354 1316 816 10235 13147 9856 15283 3362 0 1390 46 1186 613 0 0 0 0 0 97
1612979472 16427 1354 1316 816 10235 13147 9856 15283 3362 0 1390 46 1186 613 0 0 0 0 0 97
1612980396 16514 1354 1316 816 10235 13147 9856 15283 3362 0 1390 46 1186 613 0 0 0 0 0 97
1612980601 16523 1354 1316 816 10235 13147 9856 15283 3362 0 1390 46 1186 613 0 0 0 0 0 97
1612983820 16552 1354 1316 816 10235 13147 9856 15283 3362 0 1390 46 1186 613 0 0 0 0 0 97
1613033183 16552 1354 1316 816 10235 13147 9856 15284 3362 0 1390 46 1186 613 0 0 0 0 0 97
1613033264 16552 1354 1316 816 10235 13147 9856 15288 3362 0 1390 46 1186 613 0 0 0 0 0 97
1613033298 16552 1354 1316 816 10235 13147 9856 15288 3362 0 1390 46 1186 613 0 0 0 0 0 97
1613033350 16552 1354 1316 816 10235 13147 9856 15288 3362 0 1390 46 1186 613 0 0 0 0 0 97
1613033411 16552 1354 1316 816 10235 13147 9856 15288 3362 0 1390 46 1186 613 0 0 0 0 0 97
1613033691 16552 1354 1316 816 10235 13147 9856 15288 3362 0 1390 46 1186 613 0 0 0 0 0 97
1613033720 16552 1354 1316 816 10235 13147 9856 15288 3362 0 1390 46 1186 613 0 0 0 0 0 97
1613034207 16552 1354 1316 816 10235 13147 9856 15288 3362 0 1390 46 1186 613 0 0 0 0 0 97
1613034719 16552 1354 1316 816 10235 13147 9856 15288 3362 0 1390 46 1186 613 0 0 0 0 0 97
1613037250 16552 1406 1316 816 10235 13147 9856 15288 3362 0 1390 46 1186 613 0 0 0 0 0 97
1613037559 16552 1407 1316 816 10235 13147 9856 15288 3362 0 1390 46 1186 613 0 0 0 0 0 97
1613037781 16552 1408 1316 816 10235 13147 9856 15288 3362 0 1390 46 1186 613 0 0 0 0 0 97
1613038923 16552 1408 1316 816 10235 13147 9856 15288 3362 0 1390 46 1186 613 0 0 0 0 0 97
1613039524 16552 1408 1316 816 10235 13147 9856 15716 3362 0 1390 46 1186 613 0 0 0 0 0 97
1613039836 16552 1408 1316 816 10235 13147 9856 15716 3362 0 1390 46 1186 613 0 0 0 0 0 97
1613043527 16560 1408 1316 816 10235 13147 9856 15716 3362 0 1390 46 1186 613 0 0 0 0 0 97
1613043913 16576 1408 1316 816 10235 13147 9856 15716 3362 0 1390 46 1186 613 0 0 0 0 0 97
1613044158 16576 1408 1316 816 10235 13147 9856 15716 3362 0 1390 46 1186 613 0 0 0 0 0 97
1613044621 16576 1408 1316 816 10235 13147 9856 15716 3362 0 1390 46 1186 613 0 0 0 0 0 97
1613044627 16576 1408 1316 816 10235 13147 9856 15716 3362 0 1390 46 1186 613 0 0 0 0 0 97
1613045013 16576 1408 1316 816 10235 13147 9856 15722 3362 0 1390 46 1186 613 0 0 0 0 0 97
1613050316 16576 1408 1316 816 10235 13147 9856 15723 3362 0 1390 46 1186 613 0 0 0 0 0 97
1613051339 16576 1408 1316 816 10235 13147 9856 15723 3362 0 1390 46 1186 613 0 0 0 0 0 97
1613051369 16576 1408 1316 816 10235 13147 9856 15723 3362 0 1390 46 1186 613 0 0 0 0 0 97
1613051602 16576 1408 1316 816 10235 13147 9856 15723 3362 0 1390 46 1186 613 0 0 0 0 0 97
1613052066 16576 1408 1316 816 10235 13147 9856 15728 3362 0 1390 46 1186 613 0 0 0 0 0 97
1613393410 16576 1408 1395 816 10235 13147 9856 15728 3362 0 1390 46 1186 613 0 0 0 0 0 97
1613472158 16576 1408 1432 816 10235 13147 9856 15728 3362 0 1390 46 1186 613 0 0 0 0 0 97
1613472580 16576 1408 1437 816 10235 13147 9856 15728 3362 0 1390 46 1186 613 0 0 0 0 0 97
1613474201 16576 1408 1440 816 10235 13147 9856 15728 3362 0 1390 46 1186 613 0 0 0 0 0 97
1613475841 16576 1408 1440 816 10235 13147 9856 15728 3362 0 1390 46 1186 613 0 0 0 0 0 97
1613475865 16576 1408 1440 816 10235 13147 9856 15728 3362 0 1390 46 1186 613 0 0 0 0 0 97
1613479999 16576 1408 1448 816 10235 13147 9856 15728 3362 0 1390 46 1186 613 0 0 0 0 0 97
1613480111 16576 1408 1453 816 10235 13147 9856 15728 3362 0 1390 46 1186 613 0 0 0 0 0 97
1613486142 16576 1612 1453 816 10235 13147 9856 15728 3362 0 1390 46 1186 613 0 0 0 0 0 97
1613487497 16576 1632 1453 816 10235 13147 9856 15728 3362 0 1390 46 1186 613 0 0 0 0 0 97
1613488077 16576 1632 1476 816 10235 13147 9856 15728 3362 0 1390 46 1186 613 0 0 0 0 0 97
1613488422 16576 1632 1476 816 10235 13147 9856 15728 3362 0 1390 46 1186 613 0 0 0 0 0 97
1613507238 16576 1632 1476 834 10235 13147 9856 15728 3362 0 1390 46 1186 613 0 0 0 0 0 97
1613507312 16576 1632 1476 834 10235 13147 9856 15728 3362 0 1390 46 1186 613 0 0 0 0 0 97
1613513934 16576 1632 1476 859 10235 13147 9856 15728 3362 0 1390 46 1186 613 0 0 0 0 0 97
1613550770 16576 1632 1476 859 10235 13147 9856 15728 3362 0 1390 46 1186 613 0 0 0 0 0 97
1613567010 16576 1632 1480 859 10235 13147 9856 15728 3362 0 1390 46 1186 613 0 0 0 0 0 97
1613577279 16576 1632 1480 867 10235 13147 9856 15728 3362 0 1390 46 1186 613 0 0 0 0 0 97
1613581952 16576 1632 1480 876 10235 13147 9856 15728 3362 0 1390 46 1186 613 0 0 0 0 0 97
1613582661 16576 1632 1480 889 10235 13147 9856 15728 3362 0 1390 46 1186 613 0 0 0 0 0 97
1613583256 16576 1632 1480 894 10235 13147 9856 15728 3362 0 1390 46 1186 613 0 0 0 0 0 97
1613583801 16576 1632 1480 894 10235 13147 9856 15728 3362 0 1390 46 1186 613 0 0 0 0 0 97
1613584649 16576 1632 1480 896 10235 13147 9856 15728 3362 0 1390 46 1186 613 0 0 0 0 0 97
1613590951 16576 1632 1480 967 10235 13147 9856 15728 3362 0 1390 46 1186 613 0 0 0 0 0 97
1613591488 16576 1632 1480 967 10235 13147 9856 15728 3362 0 1390 46 1186 613 0 0 0 0 0 97
1613591681 16576 1632 1480 985 10235 13147 9856 15728 3362 0 1390 46 1186 613 0 0 0 0 0 97
1613597702 16774 1632 1480 988 10235 13147 9856 15728 3362 0 1390 46 1186 613 0 0 0 0 0 97
1613642474 16774 1632 1480 995 10235 13147 9856 15728 3362 0 1390 46 1186 613 0 0 0 0 0 97
1613646427 16774 1632 1480 995 10235 13147 9942 15728 3362 0 1390 46 1186 613 0 0 0 0 0 97
1613649893 16774 1632 1480 995 10235 13147 9942 15728 3362 0 1390 46 1186 613 0 0 0 0 0 97
1613650342 16774 1632 1480 995 10235 13147 9942 15728 3362 0 1390 46 1186 613 0 0 0 0 0 97
1613650417 16774 1632 1480 998 10235 13147 9942 15728 3362 0 1390 46 1186 613 0 0 0 0 0 97
1613654923 16774 1632 1480 998 10235 13147 9942 15728 3362 0 1390 46 1186 613 0 0 0 0 0 97
1613654942 16774 1632 1480 998 10235 13147 9942 15728 3362 0 1390 46 1186 613 0 0 0 0 0 97
1613656780 16972 1632 1480 998 10235 13147 9942 15728 3362 0 1390 46 1186 613 0 0 0 0 0 97
1613665033 16972 1632 1480 999 10235 13147 9942 15728 3362 0 1390 46 1186 613 0 0 0 0 0 97
1613665066 16972 1632 1480 999 10235 13147 9942 15728 3362 0 1390 46 1186 613 0 0 0 0 0 97
1613665080 16972 1632 1480 999 10235 13147 9942 15728 3362 0 1390 46 1186 613 0 0 0 0 0 97
1613666066 16972 1737 1480 999 10235 13147 9942 15728 3362 0 1390 46 1186 613 0 0 0 0 0 97
1613666534 16972 1737 1480 999 10235 13147 9942 15728 3362 0 1390 46 1186 613 0 0 0 0 0 97
1613667692 16972 1737 1480 999 10235 13147 9942 15728 3362 0 1390 46 1186 613 0 0 0 0 0 97
1613672957 16974 1737 1480 999 10235 13147 9942 15728 3362 0 1390 46 1186 613 0 0 0 0 0 97
1613678551 16975 1737 1480 999 10235 13147 9942 15728 3362 0 1390 46 1186 613 0 0 0 0 0 97
1613682348 16975 1737 1480 999 10235 13147 9942 15728 3362 0 1390 46 1186 613 0 0 0 0 0 97
1613734357 17019 1737 1480 999 10235 13147 9942 15728 3362 0 1390 46 1186 613 0 0 0 0 0 97
1613736896 17022 1737 1480 999 10235 13147 9942 15728 3362 0 1390 46 1186 613 0 0 0 0 0 97
1613738615 17022 1737 1480 999 10322 13147 9942 15728 3362 0 1390 46 1186 613 0 0 0 0 0 97
1613947153 17022 1737 1480 999 10325 13147 9942 15728 3362 0 1390 46 1186 613 0 0 0 0 0 97
1614088260 17022 1737 1480 999 10325 13147 9942 15728 3362 0 1390 46 1186 613 0 0 0 0 0 97
1614093964 17022 1737 1480 999 10373 13147 9942 15728 3362 0 1390 46 1186 613 0 0 0 0 0 97
1614191399 17022 1737 1480 999 10373 13147 9942 15728 3362 0 1390 46 1186 613 0 0 0 0 0 97
1614192763 17022 1737 1480 999 10373 13147 9942 15728 3362 0 1390 46 1186 613 0 0 0 0 0 97
1614338974 17022 1748 1480 999 10373 13147 9942 15728 3362 0 1390 46 1186 613 0 0 0 0 0 97
1614351458 17022 1817 1480 999 10373 13147 9942 15728 3362 0 1390 46 1186 613 0 0 0 0 0 97
1614615490 17022 1823 1480 999 10373 13147 9942 15728 3362 0 1390 46 1186 613 0 0 0 0 0 97
1614615683 17022 1826 1480 999 10373 13147 9942 15728 3362 0 1390 46 1186 613 0 0 0 0 0 97
1614615743 17022 1834 1480 999 10373 13147 9942 15728 3362 0 1390 46 1186 613 0 0 0 0 0 97
1614618728 17022 1836 1480 999 10373 13147 9942 15728 3362 0 1390 46 1186 613 0 0 0 0 0 97
1614622072 17022 1836 1480 999 10373 13147 9942 15728 3362 0 1390 46 1186 613 0 0 0 0 0 97
1614694818 17022 1836 1480 999 10373 13147 9942 15729 3362 0 1390 46 1186 613 0 0 0 0 0 97
1614694879 17022 1836 1480 999 10373 13147 9942 15754 3362 0 1390 46 1186 613 0 0 0 0 0 97
1614695632 17022 1836 1480 999 10373 13147 9942 15754 3362 0 1390 46 1186 613 0 0 0 0 0 97
1615283825 17022 1836 1480 1003 10373 13147 9942 15754 3362 0 1390 46 1186 613 0 0 0 0 0 97
1615326325 17022 1836 1480 1006 10373 13147 9942 15754 3362 0 1390 46 1186 613 0 0 0 0 0 97
1615326436 17022 1836 1480 1006 10373 13147 9942 15754 3362 0 1390 46 1186 613 0 0 0 0 0 97
1615367097 17022 1836 1480 1011 10373 13147 9942 15754 3362 0 1390 46 1186 613 0 0 0 0 0 97
1615368481 17022 1840 1480 1011 10373 13147 9942 15754 3362 0 1390 46 1186 613 0 0 0 0 0 97
1615368770 17022 1840 1480 1011 10373 13147 9952 15754 3362 0 1390 46 1186 613 0 0 0 0 0 97
1615369283 17022 1845 1480 1016 10373 13147 9952 15754 3362 0 1390 46 1186 613 0 0 0 0 0 97
1615369553 17022 1845 1480 1016 10373 13147 9952 15754 3362 0 1390 46 1186 613 0 0 0 0 0 97
1615371375 17022 1845 1480 1024 10373 13147 9952 15754 3362 0 1390 46 1186 613 0 0 0 0 0 97
1615375683 17022 1845 1480 1033 10373 13147 9952 15754 3362 0 1390 46 1186 613 0 0 0 0 0 97
1615418257 17022 1845 1480 1038 10373 13147 9952 15754 3362 0 1390 46 1186 613 0 0 0 0 0 97
1615418451 17022 1845 1480 1038 10373 13147 9952 15754 3362 0 1390 46 1186 613 0 0 0 0 0 97
1615418470 17022 1845 1480 1038 10373 13147 9952 15754 3362 0 1390 46 1186 613 0 0 0 0 0 97
1615418514 17022 1845 1480 1038 10373 13147 9952 15754 3362 0 1390 46 1186 613 0 0 0 0 0 97
1615418601 17022 1845 1480 1038 10373 13147 9952 15754 3362 0 1390 46 1186 613 0 0 0 0 0 97
1615418637 17022 1845 1480 1038 10373 13147 9952 15754 3362 0 1390 46 1186 613 0 0 0 0 0 97
1615418783 17022 1845 1480 1038 10373 13147 9952 15754 3362 0 1390 46 1186 613 0 0 0 0 0 97
1615418882 17022 1845 1480 1038 10373 13147 9952 15754 3362 0 1390 46 1186 613 0 0 0 0 0 97
1615418903 17022 1845 1480 1038 10373 13147 9952 15754 3362 0 1390 46 1186 613 0 0 0 0 0 97
1615418945 17022 1845 1480 1038 10373 13147 9952 15754 3362 0 1390 46 1186 613 0 0 0 0 0 97
1615418971 17022 1845 1480 1038 10373 13147 9952 15754 3362 0 1390 46 1186 613 0 0 0 0 0 97
1615418976 17022 1845 1480 1038 10373 13147 9952 15754 3362 0 1390 46 1186 613 0 0 0 0 0 97
1615418995 17022 1845 1480 1038 10373 13147 9952 15754 3362 0 1390 46 1186 613 0 0 0 0 0 97
1615419121 17022 1845 1480 1038 10373 13147 9952 15754 3362 0 1390 46 1186 613 0 0 0 0 0 97
1615424762 17022 1845 1480 1038 10373 13147 9952 15754 3362 0 1390 46 1186 613 0 0 0 0 0 97
1615447277 17022 1845 1480 1038 10373 13147 9952 15754 3362 0 1390 46 1186 613 0 0 0 0 0 97
1615448765 17022 1845 1480 1038 10373 13147 9952 15754 3362 0 1390 46 1186 613 0 0 0 0 0 97
1615448771 17022 1845 1480 1038 10373 13147 9952 15754 3362 0 1390 46 1186 613 0 0 0 0 0 97
1615448789 17022 1845 1480 1038 10373 13147 9952 15754 3362 0 1390 46 1186 613 0 0 0 0 0 97
1615448870 17022 1845 1480 1038 10373 13147 9952 15754 3362 0 1390 46 1186 613 0 0 0 0 0 97
1615448880 17022 1845 1480 1038 10373 13147 9952 15754 3362 0 1390 46 1186 613 0 0 0 0 0 97
1615448900 17022 1845 1480 1038 10373 13147 9952 15754 3362 0 1390 46 1186 613 0 0 0 0 0 97
1615448910 17022 1845 1480 1038 10373 13147 9952 15754 3362 0 1390 46 1186 613 0 0 0 0 0 97
1615450293 17022 1845 1480 1043 10373 13147 9952 15754 3362 0 1390 46 1186 613 0 0 0 0 0 97
1615450458 17022 1845 1480 1048 10373 13147 9952 15754 3362 0 1390 46 1186 613 0 0 0 0 0 97
1615450761 17022 1845 1480 1055 10373 13147 9952 15754 3362 0 1390 46 1186 613 0 0 0 0 0 97
1615451163 17022 1845 1480 1056 10373 13147 9952 15754 3362 0 1390 46 1186 613 0 0 0 0 0 97
1615451339 17022 1845 1480 1062 10373 13147 9952 15754 3362 0 1390 46 1186 613 0 0 0 0 0 97
1615451592 17022 1845 1480 1068 10373 13147 9952 15754 3362 0 1390 46 1186 613 0 0 0 0 0 97
1615451903 17022 1845 1480 1074 10373 13147 9952 15754 3362 0 1390 46 1186 613 0 0 0 0 0 97
1615452047 17022 1845 1480 1075 10373 13147 9952 15754 3362 0 1390 46 1186 613 0 0 0 0 0 97
1615452532 17022 1845 1480 1079 10373 13147 9952 15754 3362 0 1390 46 1186 613 0 0 0 0 0 97
1615452863 17022 1845 1480 1079 10373 13147 9952 15754 3362 0 1390 46 1186 613 0 0 0 0 0 97
1615464168 17022 1845 1480 1079 10373 13147 9952 15754 3362 0 1390 46 1186 613 0 0 0 0 0 97
1615535829 17022 2037 1480 1079 10373 13147 9952 15754 3362 0 1390 46 1186 613 0 0 0 0 0 97
1615555805 17022 2065 1480 1079 10373 13147 9952 15754 3362 0 1390 46 1186 613 0 0 0 0 0 97
1615559360 17022 2071 1480 1079 10373 13147 9952 15754 3362 0 1390 46 1186 613 0 0 0 0 0 97
1615560455 17022 2075 1480 1079 10373 13147 9952 15754 3362 0 1390 46 1186 613 0 0 0 0 0 97
1615560621 17022 2076 1480 1079 10373 13147 9952 15754 3362 0 1390 46 1186 613 0 0 0 0 0 97
1615561992 17022 2080 1480 1079 10373 13147 9952 15754 3362 0 1390 46 1186 613 0 0 0 0 0 97
1615562579 17022 2090 1480 1079 10373 13147 9952 15754 3362 0 1390 46 1186 613 0 0 0 0 0 97
1615815977 17022 2091 1480 1079 10373 13147 9952 15754 3362 0 1390 46 1186 613 0 0 0 0 0 97
1615839907 17022 2091 1480 1079 10373 13147 9952 15754 3362 0 1390 47 1186 613 0 0 0 0 0 97
1615839964 17022 2091 1480 1079 10373 13147 9952 15754 3362 0 1390 48 1186 613 0 0 0 0 0 97
1615839980 17022 2091 1480 1079 10373 13147 9952 15754 3362 0 1390 49 1186 613 0 0 0 0 0 97
1615839993 17022 2091 1480 1079 10373 13147 9952 15754 3362 0 1390 50 1186 613 0 0 0 0 0 97
1615840006 17022 2091 1480 1079 10373 13147 9952 15754 3362 0 1390 51 1186 613 0 0 0 0 0 97
1615840019 17022 2091 1480 1079 10373 13147 9952 15754 3362 0 1390 52 1186 613 0 0 0 0 0 97
1615840030 17022 2091 1480 1079 10373 13147 9952 15754 3362 0 1390 53 1186 613 0 0 0 0 0 97
1615840040 17022 2091 1480 1079 10373 13147 9952 15754 3362 0 1390 54 1186 613 0 0 0 0 0 97
1615852172 17022 2091 1480 1079 10373 13147 9952 15754 3362 0 1390 54 1186 613 0 0 0 0 0 97
1615903275 17022 2214 1480 1079 10373 13147 9952 15754 3362 0 1390 54 1186 613 0 0 0 0 0 97
1615916220 17022 2217 1480 1079 10373 13147 9952 15754 3362 0 1390 54 1186 613 0 0 0 0 0 97
1616064612 17022 2217 1647 1079 10373 13147 9952 15754 3362 0 1390 54 1186 613 0 0 0 0 0 97
1616093157 17022 2218 1647 1079 10373 13147 9952 15754 3362 0 1390 54 1186 613 0 0 0 0 0 97
1616420730 17022 2218 1647 1079 10373 13147 9952 15754 3362 0 1390 54 1186 613 0 0 0 0 0 97
1616423614 17022 2225 1647 1079 10373 13147 9952 15754 3362 0 1390 54 1186 613 0 0 0 0 0 97
1616424681 17022 2225 1647 1079 10373 13147 9952 15754 3362 0 1390 54 1186 613 0 0 0 0 0 97
1616428026 17022 2375 1647 1079 10373 13147 9952 15754 3362 0 1390 54 1186 613 0 0 0 0 0 97
1616430737 17022 2375 1647 1079 10373 13147 9952 15754 3362 0 1390 54 1186 613 0 0 0 0 0 97
1616431297 17022 2375 1647 1079 10373 13147 9952 15754 3362 0 1390 54 1186 613 0 0 0 0 0 97
1616578447 17022 2375 1647 1079 10373 13147 9952 15754 3362 0 1390 54 1186 613 0 0 0 0 0 97
1616579393 17022 2375 1647 1079 10373 13147 9952 15767 3362 0 1390 54 1186 613 0 0 0 0 0 97
1616607398 17022 2375 1647 1079 10373 13147 9952 15800 3362 0 1390 54 1186 613 0 0 0 0 0 97
1616607939 17022 2375 1647 1079 10373 13147 9952 15800 3362 0 1390 54 1186 613 0 0 0 0 0 97
1616608187 17022 2375 1647 1079 10373 13147 9952 15807 3362 0 1390 54 1186 613 0 0 0 0 0 97
1616665423 17022 2375 1647 1079 10373 13147 9952 15815 3362 0 1390 54 1186 613 0 0 0 0 0 97
1616698118 17022 2375 1647 1079 10373 13147 9952 15820 3362 0 1390 54 1186 613 0 0 0 0 0 97
1616746489 17022 2375 1647 1079 10373 13147 9952 15820 3362 0 1390 54 1186 613 1 0 0 0 0 97
1616746621 17022 2375 1647 1079 10373 13147 9952 15820 3362 0 1390 54 1186 613 3 0 0 0 0 97
1616746754 17022 2375 1647 1079 10373 13147 9952 15820 3362 0 1390 54 1186 613 5 0 0 0 0 97
1616747093 17022 2375 1647 1079 10373 13147 9952 15820 3362 0 1390 54 1186 613 6 0 0 0 0 97
1616747112 17022 2375 1647 1079 10373 13147 9952 15820 3362 0 1390 54 1186 613 6 0 0 0 0 97
1616747288 17022 2375 1647 1079 10373 13147 9952 15820 3362 0 1390 54 1186 613 6 0 0 0 0 97
1617014746 17022 2375 1647 1079 10373 13147 9952 15820 3362 0 1390 54 1186 613 6 0 0 1 0 97
1617014990 17022 2375 1647 1079 10373 13147 9952 15820 3362 0 1390 54 1186 613 6 0 0 1 0 97
1617015039 17022 2375 1647 1079 10373 13147 9952 15820 3362 0 1390 54 1186 613 6 0 0 1 0 97
1617015176 17022 2375 1647 1079 10373 13147 9952 15820 3362 0 1390 54 1186 613 6 0 0 1 0 97
1617027250 17022 2375 1647 1079 10373 13147 9952 15820 3362 0 1390 54 1186 613 6 0 0 1 0 97
1617274661 17022 2375 1647 1079 10373 13147 10060 15820 3362 0 1390 54 1186 613 6 0 0 1 0 97
1617297003 17129 2375 1647 1079 10373 13147 10060 15820 3362 0 1390 54 1186 613 6 0 0 1 0 97
1617824072 17143 2375 1647 1079 10373 13147 10060 15820 3362 0 1390 54 1186 613 6 0 0 1 0 97
1617824923 17180 2375 1647 1079 10373 13147 10060 15820 3362 0 1390 54 1186 613 6 0 0 1 0 97
1617878278 17196 2375 1647 1079 10373 13147 10060 15820 3362 0 1390 54 1186 613 6 0 0 1 0 97
1617882690 17214 2375 1647 1079 10373 13147 10060 15820 3362 0 1390 54 1186 613 6 0 0 1 0 97
1617883313 17214 2557 1647 1079 10373 13147 10060 15820 3362 0 1390 54 1186 613 6 0 0 1 0 97
1617890218 17214 2557 1647 1079 10373 13147 10060 15820 3362 0 1390 54 1186 613 6 0 0 1 0 97
1617906608 17214 2557 1647 1079 10373 13147 10060 15820 3362 37 1390 54 1186 613 6 0 0 1 0 97
1617976566 17214 2557 1647 1079 10373 13147 10060 15820 3362 42 1390 54 1186 613 6 0 0 1 0 97
1618230539 17214 2557 1647 1079 10373 13147 10076 15820 3362 42 1390 54 1186 613 6 0 0 1 0 97
1618264806 17214 2557 1647 1079 10373 13147 10076 15820 3362 42 1390 54 1186 613 6 0 0 1 0 97
1618310578 17214 2561 1647 1079 10373 13147 10076 15820 3362 42 1390 54 1186 613 6 0 0 1 0 97
1618310837 17214 2564 1647 1079 10373 13147 10076 15820 3362 42 1390 54 1186 613 6 0 0 1 0 97
1618312446 17214 2564 1647 1079 10373 13147 10076 15820 3362 42 1390 54 1186 613 6 0 0 1 0 97
1618326616 17214 2564 1647 1079 10373 13147 10076 15831 3362 42 1390 54 1186 613 6 0 0 1 0 97
1618334610 17214 2601 1647 1079 10373 13147 10076 15831 3362 42 1390 54 1186 613 6 0 0 1 0 97
1618496435 17214 2601 1647 1079 10373 13147 10076 15831 3362 99 1390 54 1186 613 6 0 0 1 0 97
1618503505 17214 2633 1647 1079 10373 13147 10076 15831 3362 99 1390 54 1186 613 6 0 0 1 0 97
1618512197 17214 2633 1647 1079 10373 13147 10076 15831 3362 264 1390 54 1186 613 6 0 0 1 0 97
1618560788 17214 2633 1647 1079 10373 13147 10076 15912 3362 264 1390 54 1186 613 6 0 0 1 0 97
1618589149 17214 2660 1647 1079 10373 13147 10076 15912 3362 264 1390 54 1186 613 6 0 0 1 0 97
1618855286 17214 2660 1647 1079 10373 13147 10076 15912 3362 264 1390 54 1186 613 6 0 0 1 0 97
1618855715 17214 2660 1647 1079 10373 13147 10076 15912 3362 264 1390 54 1186 613 6 0 0 1 0 97
1618857617 17214 2660 1647 1079 10373 13147 10076 15912 3362 288 1390 54 1186 613 6 0 0 1 0 97
1618922993 17214 2660 1680 1079 10373 13147 10076 15912 3362 288 1390 54 1186 613 6 0 0 1 0 97
1619010020 17214 2666 1680 1079 10373 13147 10076 15912 3362 288 1390 54 1186 613 6 0 0 1 0 97
1619020098 17214 2666 1680 1079 10373 13147 10076 15912 3362 288 1390 54 1186 613 6 0 0 1 0 97
1619026722 17214 2696 1680 1079 10373 13147 10076 15912 3362 288 1390 54 1186 613 6 0 0 1 0 97
1619031192 17214 2696 1680 1079 10373 13147 10076 15912 3362 288 1390 54 1186 613 6 0 0 1 0 97
1619038458 17214 2696 1680 1079 10373 13147 10076 15912 3362 392 1390 54 1186 613 6 0 0 1 0 97
1619038486 17214 2696 1680 1079 10373 13147 10076 15912 3362 393 1390 54 1186 613 6 0 0 1 0 97
1619045743 17214 2696 1680 1079 10373 13147 10076 15912 3362 396 1390 54 1186 613 6 0 0 1 0 97
1619048813 17214 2696 1680 1079 10373 13147 10076 15912 3362 396 1390 54 1186 613 6 0 0 1 0 97
1619078814 17214 2696 1682 1079 10373 13147 10076 15912 3362 396 1390 54 1186 613 6 0 0 1 0 97
1619085169 17214 2696 1859 1079 10373 13147 10076 15922 3362 396 1390 54 1186 613 6 0 0 1 0 97
1619092460 17214 2696 1864 1079 10373 13147 10076 15922 3362 396 1390 54 1186 613 6 0 0 1 0 97
1619099169 17214 2696 1864 1079 10373 13147 10076 15922 3362 396 1390 54 1186 613 6 0 0 1 0 97
1619102940 17214 2696 1864 1079 10373 13147 10076 15922 3362 400 1390 54 1186 613 6 0 0 1 0 97
1619104638 17214 2696 1864 1079 10373 13147 10076 15922 3362 401 1390 54 1186 613 6 0 0 1 0 97
1619117911 17214 2696 1864 1079 10373 13147 10076 15922 3362 401 1390 54 1186 613 6 0 0 1 0 97
1619422643 17214 2696 1864 1079 10373 13147 10277 15922 3362 401 1390 54 1186 613 6 0 0 1 0 97
1619423190 17214 2696 1864 1079 10373 13147 10277 15922 3362 401 1390 54 1186 613 6 0 0 1 0 97
1619425654 17214 2696 1864 1079 10373 13147 10371 15922 3362 401 1390 54 1186 613 6 0 0 1 0 97
1619488912 17214 2696 1864 1079 10373 13147 10371 15922 3362 401 1390 54 1186 613 6 0 0 1 0 97
1619514829 17214 2696 1864 1079 10373 13147 10371 15922 3362 401 1390 54 1186 613 6 0 0 1 0 97
1619598279 17214 2696 1864 1079 10373 13147 10371 15922 3362 401 1390 54 1186 613 6 0 0 1 0 97
1619601309 17214 2696 1902 1079 10373 13147 10371 15922 3362 401 1390 54 1186 613 6 0 0 1 0 97
1619603101 17214 2696 1902 1079 10373 13147 10371 15922 3362 401 1390 54 1186 613 6 0 0 1 0 97
1619617501 17214 2696 1902 1079 10373 13147 10371 15922 3362 401 1390 54 1186 613 6 0 0 1 0 97
1619641213 17214 2696 1902 1079 10373 13147 10371 15922 3362 470 1390 54 1186 613 6 0 0 1 0 97
1619644133 17214 2696 1902 1079 10373 13147 10371 15922 3362 609 1390 54 1186 613 6 0 0 1 0 97
1619721185 17214 2696 1902 1079 10373 13147 10371 15922 3362 621 1390 54 1186 613 6 0 0 1 0 97
1619774567 17214 2696 1902 1079 10373 13147 10415 15922 3362 621 1390 54 1186 613 6 0 0 1 0 97
1619775093 17214 2703 1902 1079 10373 13147 10415 15922 3362 621 1390 54 1186 613 6 0 0 1 0 97
1619775443 17214 2705 1902 1079 10373 13147 10415 15922 3362 621 1390 54 1186 613 6 0 0 1 0 97
1619775467 17214 2705 1902 1079 10374 13147 10415 15922 3362 621 1390 54 1186 613 6 0 0 1 0 97
1619776319 17214 2714 1902 1079 10374 13147 10415 15922 3362 621 1390 54 1186 613 6 0 0 1 0 97
1619776677 17214 2715 1902 1079 10374 13147 10415 15922 3362 621 1390 54 1186 613 6 0 0 1 0 97
1619777535 17214 2715 1902 1079 10378 13147 10415 15922 3362 621 1390 54 1186 613 6 0 0 1 0 97
1619778579 17214 2738 1902 1079 10378 13147 10415 15922 3362 621 1390 54 1186 613 6 0 0 1 0 97
1619778736 17217 2738 1902 1079 10378 13147 10415 15922 3362 621 1390 54 1186 613 6 0 0 1 0 97
1619778836 17217 2750 1902 1079 10378 13147 10415 15922 3362 621 1390 54 1186 613 6 0 0 1 0 97
1619779136 17217 2759 1902 1079 10378 13147 10415 15922 3362 621 1390 54 1186 613 6 0 0 1 0 97
1619779506 17217 2759 1902 1079 10378 13147 10415 15922 3362 621 1390 54 1186 613 6 0 0 1 0 97
1619814758 17217 2759 1902 1079 10416 13147 10415 15922 3362 621 1390 54 1186 613 6 0 0 1 0 97
1619870624 17217 2759 1902 1079 10416 13147 10415 15922 3362 621 1390 54 1186 613 6 0 0 1 0 97
1619870638 17217 2759 1902 1079 10416 13147 10415 15922 3362 621 1390 54 1186 613 6 0 0 1 0 97
1619873558 17217 2759 1902 1079 10416 13147 10424 15922 3362 621 1390 54 1186 613 6 0 0 1 0 97
1620029743 17217 2759 1963 1079 10416 13147 10424 15922 3362 621 1390 54 1186 613 6 0 0 1 0 97
1620035873 17217 2759 1963 1079 10416 13147 10424 15922 3362 621 1390 54 1186 613 6 0 0 1 0 97
1620035885 17217 2759 1963 1079 10416 13147 10424 15922 3362 621 1390 54 1186 613 6 0 0 1 0 97
1620035889 17217 2759 1966 1079 10416 13147 10424 15922 3362 621 1390 54 1186 613 6 0 0 1 0 97
1620048387 17217 2759 1966 1079 10416 13147 10424 15922 3362 621 1390 54 1186 613 6 0 0 1 0 97
1620048398 17217 2759 2077 1079 10416 13147 10424 15922 3362 621 1390 54 1186 613 6 0 0 1 0 97
1620048891 17217 2759 2077 1079 10416 13147 10424 15922 3362 640 1390 54 1186 613 6 0 0 1 0 97
1620070330 17217 2759 2077 1079 10416 13147 10424 15922 3362 640 1390 54 1186 613 6 0 0 1 0 97
1620083010 17217 2759 2077 1079 10416 13147 10424 15922 3362 665 1390 54 1186 613 6 0 0 1 0 97
1620120365 17217 2759 2077 1079 10416 13147 10424 15936 3362 665 1390 54 1186 613 6 0 0 1 0 97
1620121821 17217 2759 2077 1079 10416 13147 10424 15968 3362 665 1390 54 1186 613 6 0 0 1 0 97
1620123155 17217 2759 2077 1079 10416 13147 10424 15979 3362 665 1390 54 1186 613 6 0 0 1 0 97
1620123221 17217 2759 2077 1079 10416 13147 10424 15979 3362 665 1390 54 1186 613 6 0 0 1 0 97
1620123455 17217 2759 2077 1079 10416 13147 10424 15980 3362 665 1390 54 1186 613 6 0 0 1 0 97
1620132067 17217 2759 2077 1079 10416 13147 10424 15988 3362 665 1390 54 1186 613 6 0 0 1 0 97
1620141411 17217 2759 2077 1079 10416 13147 10424 15988 3362 665 1390 54 1186 613 6 0 0 1 0 97
1620142244 17217 2759 2077 1079 10416 13147 10436 15988 3362 665 1390 54 1186 613 6 0 0 1 0 97
1620210291 17217 2759 2077 1079 10416 13147 10445 15988 3362 665 1390 54 1186 613 6 0 0 1 0 97
1620213568 17217 2759 2077 1079 10421 13147 10445 15988 3362 665 1390 54 1186 613 6 0 0 1 0 97
1620222082 17217 2759 2077 1079 10421 13147 10445 15988 3362 668 1390 54 1186 613 6 0 0 1 0 97
1620222413 17217 2759 2077 1079 10462 13147 10445 15988 3362 668 1390 54 1186 613 6 0 0 1 0 97
1620222641 17217 2759 2077 1079 10462 13147 10445 15988 3362 668 1390 54 1186 613 6 0 0 1 0 97
1620222649 17217 2759 2077 1079 10462 13147 10445 15988 3362 668 1390 54 1186 613 6 0 0 1 0 97
1620222966 17217 2759 2077 1079 10462 13147 10445 15988 3362 668 1390 54 1186 613 6 0 0 1 0 97
1620223584 17217 2759 2077 1079 10462 13147 10445 15988 3362 676 1390 54 1186 613 6 0 0 1 0 97
1620227088 17217 2764 2077 1079 10462 13147 10445 15988 3362 676 1390 54 1186 613 6 0 0 1 0 97
1620228190 17217 2764 2077 1079 10462 13147 10445 15988 3362 676 1390 54 1186 613 6 0 0 1 0 97
1620235996 17217 2764 2077 1079 10462 13147 10480 15988 3362 676 1390 54 1186 613 6 0 0 1 0 97
1620237285 17217 2764 2077 1079 10462 13147 10480 15988 3362 676 1390 54 1186 613 6 0 0 1 0 97
1620298571 17217 2764 2077 1079 10462 13147 10480 15988 3362 676 1390 54 1186 613 6 0 0 1 0 97
1620373016 17217 2764 2077 1079 10462 13147 10480 15988 3362 676 1390 54 1186 613 6 0 0 1 0 97
1620373194 17217 2764 2077 1079 10462 13147 10480 15988 3362 676 1390 54 1186 613 6 0 0 1 0 97
1620486815 17217 2764 2077 1079 10462 13147 10480 15988 3362 676 1390 54 1186 613 6 1 0 1 0 97
1620646935 17217 2764 2109 1079 10462 13147 10480 15988 3362 676 1390 54 1186 613 6 1 0 1 0 97
1620648028 17217 2764 2109 1079 10462 13147 10480 15988 3362 676 1390 54 1186 613 6 1 0 1 0 97
1620650231 17217 2764 2148 1079 10462 13147 10480 15988 3362 676 1390 54 1186 613 6 1 0 1 0 97
1620653480 17217 2764 2282 1079 10462 13147 10480 15988 3362 676 1390 54 1186 613 6 1 0 1 0 97
1620804839 17217 2764 2282 1079 10462 13147 10480 15988 3362 676 1390 54 1186 613 6 1 0 1 0 97
1620818924 17217 2764 2285 1079 10462 13147 10480 15988 3362 676 1390 54 1186 613 6 1 0 1 0 97
1620821414 17217 2764 2285 1079 10462 13147 10480 15988 3362 676 1390 54 1186 613 6 1 0 1 0 97
1620821492 17217 2764 2285 1079 10462 13147 10480 15988 3362 676 1390 54 1186 613 6 1 0 1 0 97
1620821654 17217 2764 2317 1079 10462 13147 10480 15988 3362 676 1390 54 1186 613 6 1 0 1 0 97
1620823807 17217 2764 2360 1079 10462 13147 10480 15988 3362 676 1390 54 1186 613 6 1 0 1 0 97
1620824621 17217 2764 2374 1079 10462 13147 10480 15988 3362 676 1390 54 1186 613 6 1 0 1 0 97
1620824792 17217 2764 2383 1079 10462 13147 10480 15988 3362 676 1390 54 1186 613 6 1 0 1 0 97
1620827025 17217 2764 2389 1079 10462 13147 10480 15988 3362 676 1390 54 1186 613 6 1 0 1 0 97
1620828032 17217 2764 2389 1079 10462 13147 10480 15988 3362 676 1390 54 1186 613 6 1 0 1 0 97
1620842192 17218 2764 2389 1079 10462 13147 10480 15988 3362 676 1390 54 1186 613 6 1 0 1 0 97
1620842363 17218 2764 2389 1079 10462 13147 10480 15988 3362 676 1390 54 1186 613 6 1 0 1 0 97
1620908821 17232 2764 2389 1079 10462 13147 10480 15988 3362 676 1390 54 1186 613 6 1 0 1 0 97
1620925051 17232 2764 2389 1079 10462 13147 10480 15988 3362 676 1390 54 1186 613 6 1 0 1 0 97
1620979657 17232 2764 2389 1079 10462 13147 10480 15988 3362 676 1390 54 1186 613 6 1 0 1 0 97
1620983340 17232 2764 2391 1079 10462 13147 10480 15988 3362 676 1390 54 1186 613 6 1 0 1 0 97
1620984121 17232 2764 2391 1079 10462 13147 10480 15988 3362 676 1390 54 1186 613 6 1 0 1 0 97
1620984314 17232 2764 2391 1079 10462 13147 10480 15988 3362 676 1390 54 1186 613 6 1 0 1 0 97
1620990509 17232 2764 2391 1079 10462 13147 10480 15988 3362 676 1390 54 1186 613 6 1 0 1 0 97
1621240483 17232 2764 2391 1079 10462 13147 10480 15988 3362 676 1390 54 1186 613 6 1 0 1 0 97
1621250096 17232 2764 2391 1079 10462 13147 10480 15988 3362 676 1390 54 1186 613 6 1 0 1 0 97
1621324825 17234 2764 2391 1079 10462 13147 10480 15988 3362 676 1390 54 1186 613 6 1 0 1 0 97
1621367656 17234 2764 2391 1079 10462 13147 10480 16061 3362 676 1390 54 1186 613 6 1 0 1 0 97
1621370053 17234 2764 2391 1079 10462 13147 10480 16069 3362 676 1390 54 1186 613 6 1 0 1 0 97
1621414174 17234 2764 2664 1082 10462 13147 10480 16069 3362 676 1390 54 1186 613 6 1 0 1 0 97
1621422850 17234 2764 2679 1082 10462 13147 10480 16069 3362 676 1390 54 1186 613 6 1 0 1 0 97
1621425478 17234 2764 2700 1082 10462 13147 10480 16069 3362 676 1390 54 1186 613 6 1 0 1 0 97
1621436014 17234 2764 2700 1082 10462 13147 10480 16100 3362 676 1390 54 1186 613 6 1 0 1 0 97
1621441459 17234 2764 2700 1082 10462 13147 10480 16100 3362 748 1390 54 1186 613 6 1 0 1 0 97
1621446952 17234 2764 2700 1082 10462 13147 10480 16100 3362 748 1390 54 1186 613 6 1 0 1 0 97
1621496481 17234 2764 2700 1082 10462 13147 10480 16100 3362 748 1390 54 1186 613 6 1 0 1 0 97
1621501958 17234 2764 2700 1082 10462 13147 10480 16106 3362 748 1390 54 1186 613 6 1 0 1 0 97
1621508529 17234 2764 2700 1082 10462 13147 10480 16106 3362 748 1390 54 1186 613 6 1 0 1 0 97
1621953990 17234 2764 2700 1082 10462 13147 10480 16106 3362 750 1390 54 1186 613 6 1 0 1 0 97
1621970385 17234 2764 2700 1082 10462 13147 10480 16106 3362 750 1390 54 1186 613 6 1 0 1 0 97
1622015517 17234 2764 2799 1082 10462 13147 10480 16106 3362 750 1390 54 1186 613 6 1 0 1 0 97
1622038736 17234 2764 2799 1082 10462 13147 10480 16106 3362 801 1390 54 1186 613 6 1 0 1 0 97
1622103044 17234 2764 2799 1082 10462 13147 10480 16106 3362 801 1390 54 1186 613 6 1 0 1 0 97
1622117357 17234 2764 2979 1082 10462 13147 10480 16106 3362 801 1390 54 1186 613 6 22 0 1 0 97
1622137388 17234 2764 2979 1082 10462 13147 10480 16106 3362 801 1390 54 1186 613 6 24 0 1 0 97
1622139835 17234 2764 2979 1082 10462 13147 10480 16106 3362 801 1390 54 1186 613 6 28 0 1 0 97
1622280053 17234 2764 2979 1082 10462 13147 10480 16106 3362 801 1390 54 1186 613 6 28 0 1 0 97
1622441411 17234 2764 2979 1082 10462 13147 10480 16106 3362 801 1390 54 1186 613 6 28 0 1 0 97
1622645000 17234 2764 2979 1082 10462 13147 10522 16106 3362 801 1390 54 1186 613 6 28 0 1 0 97
1622702294 17234 2764 2979 1082 10462 13147 10522 16106 3362 801 1390 54 1186 613 6 28 0 1 0 97
1622702687 17234 2764 2979 1082 10462 13147 10522 16106 3362 801 1390 54 1186 613 6 28 0 1 0 97
1622710869 17234 2764 2979 1082 10553 13147 10522 16106 3362 801 1390 54 1186 613 6 28 0 1 0 97
1622720757 17234 2764 2979 1082 10564 13147 10522 16106 3362 801 1390 54 1186 613 6 28 0 1 0 97
1622721829 17234 2764 2979 1082 10564 13147 10522 16106 3362 801 1390 54 1186 613 6 28 0 1 0 97
1622722592 17234 2764 2979 1082 10569 13147 10522 16106 3362 801 1390 54 1186 613 6 28 0 1 0 97
1622724395 17234 2764 2979 1082 10575 13147 10522 16106 3362 801 1390 54 1186 613 6 28 0 1 0 97
1622727017 17234 2764 2979 1082 10579 13147 10522 16106 3362 801 1390 54 1186 613 6 28 0 1 0 97
1622736966 17234 2764 2979 1082 10579 13147 10538 16106 3362 801 1390 54 1186 613 6 28 0 1 0 97
1622738556 17234 2764 2979 1082 10579 13147 10547 16106 3362 801 1390 54 1186 613 6 28 0 1 0 97
1622741054 17234 2764 2979 1082 10579 13147 10547 16106 3362 801 1390 54 1186 613 6 28 0 1 0 97
1622790128 17234 2764 2979 1082 10579 13147 10547 16106 3362 801 1390 54 1186 613 6 28 0 1 0 97
1622819973 17234 2764 2979 1082 10579 13147 10563 16106 3362 801 1390 54 1186 613 6 28 0 1 0 97
1623295554 17234 2764 2979 1082 10579 13147 10563 16106 3362 801 1390 54 1186 613 6 28 0 1 0 97
1623399979 17234 2764 2979 1082 10579 13147 10563 16106 3362 801 1390 54 1186 613 6 28 0 1 0 97
1623422496 17234 2774 2979 1082 10579 13147 10563 16106 3362 801 1390 54 1186 613 6 28 0 1 0 97
1623660835 17234 2774 2979 1082 10579 13147 10563 16106 3362 801 1390 54 1186 613 6 28 0 1 0 97
1623757188 17234 2774 2979 1082 10579 13147 11244 16106 3362 801 1390 54 1186 613 6 28 0 1 0 97
1623757603 17234 2774 2979 1082 10579 13147 11250 16106 3362 801 1390 54 1186 613 6 28 0 1 0 97
1623776405 17234 2774 2979 1082 10579 13147 11331 16106 3362 801 1390 54 1186 613 6 28 0 1 0 97
1623779770 17234 2774 2979 1082 10579 13147 11331 16106 3362 801 1390 54 1186 613 6 28 0 1 0 97
1623812677 17234 2774 2979 1082 10579 13147 11331 16106 3362 801 1390 54 1186 613 6 28 0 1 0 97
1623825046 17234 2774 2979 1082 10579 13147 11352 16106 3362 801 1390 54 1186 613 6 28 0 1 0 97
1623832729 17234 2774 2979 1082 10579 13147 11352 16106 3362 801 1390 54 1186 613 6 28 0 1 0 97
1623834999 17234 2774 2979 1082 10579 13147 11392 16106 3362 801 1390 54 1186 613 6 28 0 1 0 97
1623838606 17234 2774 2979 1082 10579 13147 11392 16106 3362 801 1390 54 1186 613 6 28 0 1 0 97
1623839766 17234 2774 2979 1082 10579 13147 11392 16106 3362 801 1390 54 1186 613 6 28 0 1 0 97
1623843378 17234 2774 2979 1082 10579 13147 11393 16106 3362 801 1390 54 1186 613 6 28 0 1 0 97
1623864505 17234 2774 2979 1082 10579 13147 11401 16106 3362 801 1390 54 1186 613 6 28 0 1 0 97
1623864906 17234 2774 2979 1085 10579 13147 11401 16106 3362 801 1390 54 1186 613 6 28 0 1 0 97
1623865065 17234 2774 2979 1088 10579 13147 11401 16106 3362 801 1390 54 1186 613 6 28 0 1 0 97
1623882326 17234 2774 2979 1091 10579 13147 11401 16106 3362 801 1390 54 1186 613 6 28 0 1 0 97
1623882639 17234 2774 2979 1095 10579 13147 11401 16106 3362 801 1390 54 1186 613 6 28 0 1 0 97
1623883131 17234 2774 2979 1098 10579 13147 11401 16106 3362 801 1390 54 1186 613 6 28 0 1 0 97
1623883395 17234 2774 2979 1100 10579 13147 11401 16106 3362 801 1390 54 1186 613 6 28 0 1 0 97
1623883809 17234 2774 2979 1104 10579 13147 11401 16106 3362 801 1390 54 1186 613 6 28 0 1 0 97
1623886760 17234 2774 2979 1109 10579 13147 11401 16106 3362 801 1390 54 1186 613 6 28 0 1 0 97
1623913346 17234 2774 2979 1114 10579 13147 11401 16106 3362 801 1390 54 1186 613 6 28 0 1 0 97
1623915088 17234 2774 2979 1116 10579 13147 11401 16106 3362 801 1390 54 1186 613 6 28 0 1 0 97
1623918733 17234 2774 2979 1116 10579 13147 11401 16106 3362 801 1390 54 1186 613 6 28 0 1 0 97
1623923018 17234 2774 2979 1116 10579 13147 11401 16106 3362 801 1390 54 1186 613 6 28 0 1 0 97
1623926826 17234 2774 2979 1116 10579 13147 11414 16106 3362 801 1390 54 1186 613 6 28 0 1 0 97
1624006308 17234 2780 2979 1116 10579 13147 11414 16106 3362 801 1390 54 1186 613 6 28 0 1 0 97
1624006815 17234 2794 2979 1116 10579 13147 11414 16106 3362 801 1390 54 1186 613 6 28 0 1 0 97
1624007367 17234 2798 2979 1116 10579 13147 11414 16106 3362 801 1390 54 1186 613 6 28 0 1 0 97
1624014284 17234 2798 2979 1116 10579 13147 11414 16106 3362 801 1390 54 1186 613 6 28 0 1 0 97
1624375703 17234 2798 2979 1116 10579 13147 11414 16106 3362 801 1390 54 1186 613 6 28 2 1 0 97
1624379676 17234 2798 2979 1116 10579 13147 11414 16106 3362 801 1390 54 1186 613 6 28 2 1 0 97
1624379831 17234 2798 2979 1116 10579 13147 11414 16106 3362 801 1390 54 1186 613 6 28 6 1 0 97
1624431045 17234 2798 2979 1116 10579 13147 11414 16106 3362 801 1390 54 1186 613 6 28 6 1 0 97
1624639500 17234 2798 2979 1116 10579 13147 11414 16106 3362 801 1390 54 1186 613 6 28 6 1 0 97
1624640825 17286 2798 2979 1116 10579 13147 11414 16106 3362 801 1390 54 1186 613 6 28 6 1 0 97
1624867854 17290 2798 2979 1116 10579 13147 11414 16106 3362 801 1390 54 1186 613 6 28 6 1 0 97
1624962338 17290 2805 2979 1116 10579 13147 11414 16106 3362 801 1390 54 1186 613 6 28 6 1 0 97
1624962843 17290 2805 2979 1116 10579 13147 11414 16106 3362 801 1390 54 1186 613 6 28 6 1 0 97
1624963643 17290 2825 2979 1116 10579 13147 11414 16106 3362 801 1390 54 1186 613 6 28 6 1 0 97
1624971878 17290 2825 2979 1116 10579 13147 11414 16106 3362 801 1390 54 1186 613 6 28 6 1 0 97
1625084895 17304 2825 2979 1116 10579 13147 11414 16106 3362 801 1390 54 1186 613 6 28 6 1 0 97
1625133097 17341 2825 2979 1116 10579 13147 11414 16106 3362 801 1390 54 1186 613 6 28 6 1 0 97
1625165239 17341 2825 2979 1116 10579 13147 11414 16106 3362 801 1390 54 1186 613 6 28 6 1 0 97
1625663929 17341 2826 2979 1116 10579 13147 11414 16106 3362 801 1390 54 1186 613 6 28 6 1 0 97
1625666306 17341 2826 2979 1116 10579 13147 11414 16106 3362 801 1390 54 1186 613 6 28 6 1 0 97
1625751038 17341 2961 2979 1116 10579 13147 11414 16106 3362 801 1390 54 1186 613 6 28 6 1 0 97
1625836963 17341 2990 2979 1116 10579 13147 11414 16106 3362 801 1390 54 1186 613 6 28 6 1 0 97
1625840406 17341 2991 2979 1116 10579 13147 11414 16106 3362 801 1390 54 1186 613 6 28 6 1 0 97
1626093695 17341 3061 2979 1116 10579 13147 11414 16106 3362 801 1390 54 1186 613 6 28 6 1 0 97
1626095902 17341 3067 2979 1116 10579 13147 11414 16106 3362 801 1390 54 1186 613 6 28 6 1 0 97
1626173593 17341 3067 2979 1116 10579 13147 11414 16106 3362 801 1390 54 1186 613 6 28 6 1 0 97
1626174389 17341 3067 2979 1116 10579 13147 11434 16106 3362 801 1390 54 1186 613 6 28 6 1 0 97
1626254427 17341 3109 2979 1116 10579 13147 11434 16106 3362 801 1390 54 1186 613 6 28 6 1 0 97
1626283091 17341 3134 2979 1116 10579 13147 11434 16106 3362 801 1390 54 1186 613 6 28 6 1 0 97
1626284144 17341 3139 2979 1116 10579 13147 11434 16106 3362 801 1390 54 1186 613 6 28 6 1 0 97
1626286521 17341 3139 2979 1116 10579 13147 11434 16106 3362 801 1390 54 1186 613 6 28 6 1 0 97
1626434108 17341 3139 2979 1116 10579 13147 11439 16106 3362 801 1390 54 1186 613 6 28 6 1 0 97
1626442267 17341 3139 2988 1116 10579 13147 11439 16106 3362 801 1390 54 1186 613 6 28 6 1 0 97
1626442300 17341 3139 2998 1116 10579 13147 11439 16106 3362 801 1390 54 1186 613 6 28 6 1 0 97
1626444490 17341 3139 2998 1116 10579 13147 11439 16106 3362 801 1390 54 1186 613 6 28 6 1 0 97
